#time	H3DBC3	V3DBC3	sase
1446577658.33	-0.0988888889551	0.0858119651675	11.4365568161
1446577658.44	-0.0988888889551	0.0858119651675	11.4365568161
1446577658.55	-0.0988888889551	0.0858119651675	11.3766126633
1446577658.65	-0.0988888889551	0.0858119651675	11.3766126633
1446577658.76	-0.0988888889551	0.0858119651675	11.4063205719
1446577658.87	-0.0989743545651	0.0858119651675	11.4063205719
1446577658.98	-0.0989743545651	0.0858119651675	11.4063205719
1446577659.09	-0.0989743545651	0.0858119651675	11.3182163239
1446577659.2	-0.0989743545651	0.0858119651675	11.1263818741
1446577659.31	-0.0989743545651	0.0858119651675	11.1263818741
1446577659.42	-0.0989743545651	0.0858119651675	11.1263818741
1446577659.53	-0.0989743545651	0.0858119651675	11.1263818741
1446577659.64	-0.0989743545651	0.0858119651675	11.1263818741
1446577659.75	-0.0989743545651	0.0858119651675	11.2879228592
1446577659.85	-0.0988888889551	0.0858119651675	11.2879228592
1446577659.96	-0.0988888889551	0.0858119651675	11.2611312866
1446577660.06	-0.0988888889551	0.0858119651675	11.1677904129
1446577660.17	-0.0988888889551	0.0858119651675	11.083067894
1446577660.28	-0.0988888889551	0.0858119651675	11.2324676514
1446577660.39	-0.0988888889551	0.0858119651675	11.2324676514
1446577660.5	-0.0988888889551	0.0858119651675	11.2324676514
1446577660.61	-0.0988888889551	0.0858119651675	11.2414207458
1446577660.72	-0.0988888889551	0.0858119651675	11.2414207458
1446577660.82	-0.0988888889551	0.0858119651675	11.2414207458
1446577660.93	-0.0988888889551	0.0858119651675	11.122051239
1446577661.04	-0.0988888889551	0.0858119651675	11.122051239
1446577661.15	-0.0989743545651	0.0858119651675	11.122051239
1446577661.26	-0.0989743545651	0.0858119651675	11.0911359787
1446577661.37	-0.0989743545651	0.0858119651675	11.0911359787
1446577661.48	-0.0988888889551	0.0858119651675	11.0911359787
1446577661.59	-0.0988888889551	0.0858119651675	11.0911359787
1446577661.69	-0.0988888889551	0.0858119651675	11.0850734711
1446577661.8	-0.0988888889551	0.0858119651675	11.0850734711
1446577661.91	-0.0988888889551	0.0858119651675	11.1711091995
1446577662.02	-0.0988888889551	0.0858119651675	11.1711091995
1446577662.13	-0.0988888889551	0.0858119651675	11.2040271759
1446577662.24	-0.0989743545651	0.0858119651675	11.2040271759
1446577662.35	-0.0989743545651	0.0858119651675	11.2040271759
1446577662.46	-0.0988888889551	0.0858119651675	11.2040271759
1446577662.57	-0.0988888889551	0.0858119651675	11.2040271759
1446577662.68	-0.0988888889551	0.0858119651675	11.2040271759
1446577662.79	-0.0988888889551	0.0858119651675	11.2040271759
1446577662.9	-0.0989743545651	0.0858119651675	11.1964664459
1446577663.01	-0.0989743545651	0.0858119651675	11.1964664459
1446577663.13	-0.0989743545651	0.0858119651675	11.0739059448
1446577663.23	-0.0988888889551	0.0858119651675	11.2065238953
1446577663.34	-0.0988888889551	0.0858119651675	11.2142744064
1446577663.45	-0.0988888889551	0.0858119651675	11.17710495
1446577663.56	-0.0988888889551	0.0858119651675	11.17710495
1446577663.66	-0.0988888889551	0.0858119651675	11.17710495
1446577663.77	-0.0988888889551	0.0858119651675	11.1672639847
1446577663.88	-0.0989743545651	0.0858119651675	11.1672639847
1446577663.99	-0.0989743545651	0.0858119651675	11.1672639847
1446577664.1	-0.0989743545651	0.0858119651675	11.1672639847
1446577664.21	-0.0988888889551	0.0858119651675	11.0823707581
1446577664.32	-0.0988888889551	0.0858119651675	11.0823707581
1446577664.43	-0.0988888889551	0.0858119651675	11.0863838196
1446577664.54	-0.0988888889551	0.0858119651675	11.0863838196
1446577664.65	-0.0988888889551	0.0858119651675	11.0863838196
1446577664.76	-0.0988888889551	0.0858119651675	11.0863838196
1446577664.87	-0.0988888889551	0.0858119651675	11.2063913345
1446577664.97	-0.0988888889551	0.0858119651675	11.2063913345
1446577665.08	-0.0988888889551	0.0858119651675	11.0925941467
1446577665.19	-0.0988888889551	0.0858119651675	11.0925941467
1446577665.3	-0.0988888889551	0.0858119651675	10.9921751022
1446577665.4	-0.0988888889551	0.0858119651675	10.856341362
1446577665.51	-0.0988888889551	0.0858119651675	10.856341362
1446577665.62	-0.0988888889551	0.0858119651675	10.8524141312
1446577665.73	-0.0988888889551	0.0858119651675	11.0814828873
1446577665.84	-0.0988888889551	0.0858119651675	11.0814828873
1446577665.95	-0.0989743545651	0.0858119651675	11.0814828873
1446577666.06	-0.0989743545651	0.0858119651675	11.0814828873
1446577666.16	-0.0989743545651	0.0858119651675	11.0814828873
1446577666.27	-0.0989743545651	0.0858119651675	11.0814828873
1446577666.38	-0.0989743545651	0.0858119651675	10.9125890732
1446577666.49	-0.0989743545651	0.0857264921069	10.9125890732
1446577666.6	-0.0989743545651	0.0857264921069	10.9125890732
1446577666.7	-0.0989743545651	0.0857264921069	10.9125890732
1446577666.81	-0.0989743545651	0.0857264921069	10.9125890732
1446577666.92	-0.0988888889551	0.0858119651675	11.1563673019
1446577667.03	-0.0988888889551	0.0858119651675	10.9172620773
1446577667.14	-0.0988888889551	0.0858119651675	10.9172620773
1446577667.25	-0.0988888889551	0.0858119651675	10.9633922577
1446577667.36	-0.0988888889551	0.0858119651675	10.9633922577
1446577667.47	-0.0988888889551	0.0858119651675	10.9633922577
1446577667.58	-0.0988888889551	0.0858119651675	10.9633922577
1446577667.69	-0.0988888889551	0.0858119651675	10.9633922577
1446577667.81	-0.0988888889551	0.0858119651675	10.9633922577
1446577667.92	-0.101367518306	0.0857264921069	11.1686897278
1446577668.03	-0.101367518306	0.0857264921069	11.1686897278
1446577668.13	-0.101367518306	0.0857264921069	11.3647098541
1446577668.24	-0.105384618044	0.0858119651675	11.4045591354
1446577668.35	-0.105384618044	0.0858119651675	11.4045591354
1446577668.46	-0.103589743376	0.0858119651675	11.4045591354
1446577668.57	-0.103589743376	0.0858119651675	11.4045591354
1446577668.68	-0.103589743376	0.0858119651675	11.4045591354
1446577668.79	-0.103589743376	0.0858119651675	11.4027032852
1446577668.9	-0.103589743376	0.0858119651675	11.4027032852
1446577669.0	-0.103931620717	0.0858119651675	11.4811439514
1446577669.11	-0.103931620717	0.0858119651675	11.4811439514
1446577669.22	-0.10222221911	0.0870940163732	11.7860221863
1446577669.33	-0.10222221911	0.0870940163732	11.4487571716
1446577669.43	-0.10222221911	0.0870940163732	11.4487571716
1446577669.53	-0.0975213646889	0.0911111086607	11.4047307968
1446577669.63	-0.0975213646889	0.0911111086607	11.4535226822
1446577669.74	-0.0975213646889	0.0911111086607	11.3390836716
1446577669.85	-0.0975213646889	0.0911111086607	11.3821754456
1446577669.96	-0.099316239357	0.089743591845	11.3821754456
1446577670.07	-0.099316239357	0.089743591845	11.3821754456
1446577670.18	-0.099316239357	0.089743591845	11.3821754456
1446577670.29	-0.0989743545651	0.0900854691863	11.513299942
1446577670.39	-0.0989743545651	0.0900854691863	12.5165014267
1446577670.5	-0.103846155107	0.0830769240856	12.5165014267
1446577670.61	-0.103846155107	0.0830769240856	12.5165014267
1446577670.72	-0.103846155107	0.0830769240856	12.5165014267
1446577670.83	-0.103846155107	0.0830769240856	12.5309352875
1446577670.93	-0.105213671923	0.0796581208706	12.9075059891
1446577671.04	-0.105213671923	0.0796581208706	12.8433961868
1446577671.15	-0.105213671923	0.0796581208706	13.3661384583
1446577671.26	-0.103504270315	0.0819658115506	13.3153028488
1446577671.37	-0.103504270315	0.0819658115506	13.3153028488
1446577671.48	-0.103504270315	0.0815384611487	13.3219366074
1446577671.59	-0.103846155107	0.0815384611487	13.3219366074
1446577671.7	-0.103846155107	0.0815384611487	13.3219366074
1446577671.81	-0.103846155107	0.0815384611487	13.3219366074
1446577671.92	-0.105384618044	0.0792307704687	13.1368484497
1446577672.03	-0.105384618044	0.0792307704687	13.1368484497
1446577672.14	-0.105384618044	0.0792307704687	14.1406860352
1446577672.25	-0.107008546591	0.0762393176556	14.1406860352
1446577672.36	-0.107008546591	0.0762393176556	14.1406860352
1446577672.47	-0.107008546591	0.0762393176556	14.1406860352
1446577672.58	-0.106239318848	0.0774358958006	14.1336460114
1446577672.69	-0.106239318848	0.0774358958006	14.1504507065
1446577672.79	-0.106239318848	0.0774358958006	14.424331665
1446577672.9	-0.106239318848	0.0774358958006	14.5546417236
1446577673.01	-0.106410257518	0.0771794840693	14.5546417236
1446577673.12	-0.106410257518	0.0771794840693	14.5546417236
1446577673.23	-0.107521370053	0.0787179470062	14.5546417236
1446577673.34	-0.107521370053	0.0787179470062	15.2054929733
1446577673.44	-0.107521370053	0.0787179470062	15.2054929733
1446577673.55	-0.109572649002	0.0825641006231	15.2054929733
1446577673.66	-0.109572649002	0.0825641006231	15.2054929733
1446577673.77	-0.109572649002	0.0825641006231	15.1779527664
1446577673.88	-0.109572649002	0.0825641006231	15.1779527664
1446577673.99	-0.108632475138	0.0812820494175	15.1779527664
1446577674.1	-0.108632475138	0.0812820494175	15.1779527664
1446577674.21	-0.108888886869	0.0815384611487	15.6630220413
1446577674.31	-0.108888886869	0.0815384611487	15.7399644852
1446577674.43	-0.108888886869	0.0815384611487	15.7399644852
1446577674.53	-0.108888886869	0.0815384611487	15.3480100632
1446577674.65	-0.10230769217	0.0847008526325	15.3480100632
1446577674.76	-0.10230769217	0.0847008526325	15.0151433945
1446577674.86	-0.10230769217	0.0847008526325	15.0151433945
1446577674.97	-0.099316239357	0.0853846147656	15.0018005371
1446577675.08	-0.099316239357	0.0853846147656	14.9702339172
1446577675.19	-0.099316239357	0.0853846147656	14.9702339172
1446577675.3	-0.101880341768	0.0844444409013	15.7391452789
1446577675.4	-0.101880341768	0.0844444409013	15.7391452789
1446577675.51	-0.101880341768	0.0844444409013	15.7391452789
1446577675.62	-0.101538456976	0.0847008526325	15.7391452789
1446577675.73	-0.101538456976	0.0847008526325	15.7391452789
1446577675.84	-0.101538456976	0.0847008526325	15.7857074738
1446577675.94	-0.103846155107	0.0835897400975	15.8449459076
1446577676.05	-0.103846155107	0.0835897400975	15.8449459076
1446577676.16	-0.103846155107	0.0835897400975	17.1269111633
1446577676.27	-0.107863247395	0.0819658115506	17.1269111633
1446577676.38	-0.107863247395	0.0819658115506	17.1269111633
1446577676.49	-0.106068372726	0.0826495736837	17.1269111633
1446577676.6	-0.106068372726	0.0826495736837	17.1269111633
1446577676.71	-0.106068372726	0.0826495736837	17.1269111633
1446577676.82	-0.106068372726	0.0826495736837	17.1269111633
1446577676.92	-0.106410257518	0.0825641006231	16.6796760559
1446577677.03	-0.106410257518	0.0825641006231	16.8407096863
1446577677.15	-0.106410257518	0.0825641006231	17.2989044189
1446577677.25	-0.106410257518	0.0809401720762	17.2933273315
1446577677.36	-0.106410257518	0.0809401720762	17.2933273315
1446577677.47	-0.106410257518	0.0809401720762	17.3669109344
1446577677.58	-0.106324784458	0.0771794840693	17.1860198975
1446577677.69	-0.106324784458	0.0771794840693	17.1860198975
1446577677.79	-0.106324784458	0.0771794840693	17.2845401764
1446577677.9	-0.106324784458	0.0771794840693	17.2845401764
1446577678.0	-0.106410257518	0.0785470083356	17.3505744934
1446577678.11	-0.106410257518	0.0785470083356	17.7495536804
1446577678.21	-0.106410257518	0.0782051309943	18.6980628967
1446577678.33	-0.106324784458	0.0782051309943	18.6980628967
1446577678.44	-0.106324784458	0.0782051309943	18.6980628967
1446577678.55	-0.10675213486	0.0831623896956	18.6980628967
1446577678.66	-0.10675213486	0.0831623896956	18.6980628967
1446577678.77	-0.10675213486	0.0831623896956	18.6980628967
1446577678.88	-0.10675213486	0.0831623896956	18.6980628967
1446577678.99	-0.108547009528	0.085213676095	18.1879234314
1446577679.1	-0.108547009528	0.085213676095	18.3250370026
1446577679.21	-0.107948720455	0.085213676095	18.3250370026
1446577679.31	-0.107948720455	0.0835897400975	18.6887893677
1446577679.42	-0.107948720455	0.0835897400975	18.6887893677
1446577679.53	-0.108034186065	0.0835897400975	18.6887893677
1446577679.64	-0.108034186065	0.0839316248894	18.6887893677
1446577679.75	-0.108034186065	0.0839316248894	19.0547885895
1446577679.86	-0.104871794581	0.0839316248894	19.0547885895
1446577679.96	-0.104871794581	0.0832478627563	19.0547885895
1446577680.07	-0.104871794581	0.0832478627563	19.0547885895
1446577680.18	-0.100256405771	0.0832478627563	19.7882995605
1446577680.29	-0.100256405771	0.0825641006231	19.7882995605
1446577680.4	-0.100256405771	0.0825641006231	19.7882995605
1446577680.5	-0.10230769217	0.0825641006231	19.7882995605
1446577680.61	-0.10230769217	0.082905985415	18.8650245667
1446577680.72	-0.10230769217	0.082905985415	18.8650245667
1446577680.83	-0.10230769217	0.082905985415	18.8572902679
1446577680.93	-0.101965807378	0.0828205123544	18.8572902679
1446577681.04	-0.101965807378	0.0828205123544	18.8572902679
1446577681.15	-0.103333331645	0.0826495736837	19.4934597015
1446577681.26	-0.103333331645	0.0826495736837	19.4934597015
1446577681.37	-0.103333331645	0.0826495736837	19.4934597015
1446577681.48	-0.106239318848	0.0825641006231	19.4934597015
1446577681.59	-0.106239318848	0.0825641006231	19.4934597015
1446577681.69	-0.106239318848	0.0825641006231	19.4934597015
1446577681.8	-0.106239318848	0.0825641006231	19.4934597015
1446577681.91	-0.104957267642	0.0826495736837	19.4934597015
1446577682.02	-0.104957267642	0.0826495736837	19.3921375275
1446577682.12	-0.105213671923	0.0826495736837	19.3921375275
1446577682.24	-0.105213671923	0.0826495736837	19.3921375275
1446577682.34	-0.105213671923	0.0826495736837	19.8705596924
1446577682.45	-0.105213671923	0.0826495736837	20.0566654205
1446577682.56	-0.105042733252	0.0826495736837	20.0566654205
1446577682.67	-0.105042733252	0.0826495736837	20.0566654205
1446577682.78	-0.105042733252	0.0826495736837	20.0566654205
1446577682.89	-0.103931620717	0.0827350392938	20.0566654205
1446577682.99	-0.103931620717	0.0827350392938	20.0566654205
1446577683.1	-0.103931620717	0.0827350392938	19.9853820801
1446577683.21	-0.104273505509	0.0827350392938	20.6745319366
1446577683.32	-0.104273505509	0.0827350392938	20.6745319366
1446577683.42	-0.104188032448	0.0827350392938	20.6745319366
1446577683.53	-0.104188032448	0.0827350392938	20.6745319366
1446577683.64	-0.104188032448	0.0827350392938	20.6745319366
1446577683.75	-0.104188032448	0.0827350392938	20.6745319366
1446577683.86	-0.104957267642	0.082905985415	20.6745319366
1446577683.96	-0.104957267642	0.082905985415	20.7847995758
1446577684.07	-0.104957267642	0.082905985415	21.0195999146
1446577684.18	-0.105811968446	0.0833333358169	21.0195999146
1446577684.29	-0.105811968446	0.0833333358169	21.0195999146
1446577684.4	-0.105811968446	0.0833333358169	21.7122020721
1446577684.5	-0.105299144983	0.0832478627563	21.7122020721
1446577684.61	-0.105299144983	0.0832478627563	21.7122020721
1446577684.72	-0.105299144983	0.0832478627563	21.7122020721
1446577684.83	-0.105299144983	0.0832478627563	21.5962276459
1446577684.94	-0.105470083654	0.0832478627563	21.5962276459
1446577685.05	-0.105470083654	0.0832478627563	21.6711196899
1446577685.15	-0.10444444418	0.0832478627563	22.2641487122
1446577685.26	-0.10444444418	0.0832478627563	22.2641487122
1446577685.37	-0.10444444418	0.0832478627563	22.2641487122
1446577685.48	-0.10444444418	0.0832478627563	21.7497234344
1446577685.59	-0.102649569511	0.0834188014269	21.7497234344
1446577685.7	-0.102649569511	0.0834188014269	21.7497234344
1446577685.81	-0.102649569511	0.0834188014269	21.7497234344
1446577685.91	-0.103504270315	0.0833333358169	22.0241851807
1446577686.02	-0.103504270315	0.0833333358169	22.0241851807
1446577686.13	-0.103504270315	0.0833333358169	21.9956245422
1446577686.24	-0.103247866035	0.0833333358169	22.860086441
1446577686.35	-0.103247866035	0.0833333358169	22.3156509399
1446577686.46	-0.103247866035	0.0833333358169	22.3156509399
1446577686.57	-0.103760682046	0.0833333358169	22.3156509399
1446577686.67	-0.103760682046	0.0833333358169	22.3045406342
1446577686.78	-0.103760682046	0.0833333358169	22.9755744934
1446577686.89	-0.105299144983	0.0833333358169	22.9755744934
1446577687.0	-0.105299144983	0.0833333358169	22.8228683472
1446577687.11	-0.105299144983	0.0833333358169	23.2885017395
1446577687.21	-0.104786321521	0.0833333358169	24.0305366516
1446577687.32	-0.104786321521	0.0833333358169	24.0305366516
1446577687.43	-0.104786321521	0.0833333358169	24.0305366516
1446577687.54	-0.104957267642	0.0833333358169	24.0305366516
1446577687.64	-0.104957267642	0.0833333358169	24.0305366516
1446577687.74	-0.104957267642	0.0833333358169	24.0305366516
1446577687.85	-0.104957267642	0.0833333358169	23.4700450897
1446577687.96	-0.10444444418	0.0832478627563	23.4700450897
1446577688.07	-0.10444444418	0.0832478627563	23.4700450897
1446577688.18	-0.10444444418	0.0832478627563	23.7806396484
1446577688.29	-0.104188032448	0.0833333358169	23.7806396484
1446577688.4	-0.104188032448	0.0833333358169	23.6448993683
1446577688.5	-0.104358971119	0.0833333358169	23.5715808868
1446577688.61	-0.104358971119	0.0833333358169	23.5715808868
1446577688.72	-0.104358971119	0.0833333358169	23.5715808868
1446577688.83	-0.104358971119	0.0833333358169	23.5715808868
1446577688.94	-0.104273505509	0.0833333358169	23.5715808868
1446577689.04	-0.104273505509	0.0833333358169	23.2738208771
1446577689.15	-0.104273505509	0.0833333358169	23.7648658752
1446577689.26	-0.104700855911	0.0833333358169	24.4439201355
1446577689.37	-0.104700855911	0.0833333358169	24.4439201355
1446577689.48	-0.105213671923	0.0836752131581	24.4439201355
1446577689.59	-0.105213671923	0.0836752131581	24.4705810547
1446577689.69	-0.105213671923	0.0836752131581	24.4705810547
1446577689.8	-0.105213671923	0.0836752131581	24.4705810547
1446577689.91	-0.104957267642	0.0835897400975	24.0839271545
1446577690.02	-0.104957267642	0.0835897400975	24.2092533112
1446577690.13	-0.104957267642	0.0835897400975	24.2092533112
1446577690.24	-0.105042733252	0.0835897400975	24.4670257568
1446577690.35	-0.105042733252	0.0835897400975	24.4670257568
1446577690.45	-0.105042733252	0.0835897400975	24.4670257568
1446577690.57	-0.10452991724	0.0835897400975	24.3922214508
1446577690.67	-0.10452991724	0.0835897400975	24.3922214508
1446577690.78	-0.10452991724	0.0835897400975	24.2787075043
1446577690.89	-0.103589743376	0.0836752131581	24.7460250854
1446577691.01	-0.103589743376	0.0836752131581	24.7460250854
1446577691.12	-0.103589743376	0.0836752131581	24.7460250854
1446577691.23	-0.104017093778	0.0836752131581	24.1718902588
1446577691.33	-0.104017093778	0.0836752131581	24.1839294434
1446577691.44	-0.104017093778	0.0836752131581	24.7957839966
1446577691.54	-0.103846155107	0.0836752131581	24.7957839966
1446577691.65	-0.103846155107	0.0836752131581	24.7957839966
1446577691.76	-0.103846155107	0.0836752131581	25.485918045
1446577691.87	-0.103846155107	0.0836752131581	25.0365486145
1446577691.97	-0.104017093778	0.0840170904994	25.0365486145
1446577692.08	-0.104017093778	0.0840170904994	25.0365486145
1446577692.19	-0.104102566838	0.0843589752913	25.1844940186
1446577692.29	-0.104102566838	0.0843589752913	25.1844940186
1446577692.4	-0.104102566838	0.0843589752913	25.1844940186
1446577692.51	-0.104017093778	0.0841880366206	26.2408905029
1446577692.62	-0.104017093778	0.0841880366206	26.2408905029
1446577692.73	-0.104017093778	0.0841880366206	26.2408905029
1446577692.84	-0.104017093778	0.0841880366206	25.4572792053
1446577692.95	-0.104102566838	0.0842735022306	25.4572792053
1446577693.05	-0.104102566838	0.0842735022306	25.4572792053
1446577693.16	-0.104102566838	0.0842735022306	25.6774845123
1446577693.27	-0.10444444418	0.0844444409013	25.8617858887
1446577693.38	-0.10444444418	0.0844444409013	25.8617858887
1446577693.49	-0.104786321521	0.0846153870225	25.8617858887
1446577693.6	-0.104786321521	0.0846153870225	25.8617858887
1446577693.71	-0.104786321521	0.0846153870225	25.8489074707
1446577693.81	-0.104786321521	0.0846153870225	25.8489074707
1446577693.92	-0.10461538285	0.0845299139619	26.1274871826
1446577694.03	-0.10461538285	0.0845299139619	26.1274871826
1446577694.13	-0.10461538285	0.0845299139619	26.1283321381
1446577694.24	-0.104700855911	0.0845299139619	26.4244251251
1446577694.35	-0.104700855911	0.0845299139619	26.4244251251
1446577694.46	-0.104700855911	0.0845299139619	26.2092113495
1446577694.57	-0.10452991724	0.0843589752913	26.2092113495
1446577694.68	-0.10452991724	0.0843589752913	26.2092113495
1446577694.79	-0.10452991724	0.0843589752913	26.1715908051
1446577694.89	-0.10452991724	0.0843589752913	26.1715908051
1446577695.0	-0.10444444418	0.0843589752913	26.1715908051
1446577695.11	-0.10444444418	0.0843589752913	26.1715908051
1446577695.22	-0.10452991724	0.0843589752913	26.1715908051
1446577695.33	-0.10452991724	0.0843589752913	26.4093723297
1446577695.44	-0.10452991724	0.0843589752913	26.4093723297
1446577695.54	-0.10444444418	0.0843589752913	26.4093723297
1446577695.65	-0.10444444418	0.0843589752913	26.4093723297
1446577695.76	-0.10444444418	0.0843589752913	26.4093723297
1446577695.86	-0.10444444418	0.0843589752913	26.7551116943
1446577695.97	-0.104273505509	0.0840170904994	26.5844955444
1446577696.07	-0.104273505509	0.0840170904994	26.5844955444
1446577696.18	-0.104273505509	0.0840170904994	26.7600212097
1446577696.29	-0.104188032448	0.0840170904994	26.7600212097
1446577696.39	-0.104188032448	0.0840170904994	26.7600212097
1446577696.5	-0.104273505509	0.08410256356	26.1815338135
1446577696.61	-0.104273505509	0.08410256356	26.1815338135
1446577696.71	-0.104273505509	0.08410256356	26.1815338135
1446577696.82	-0.104273505509	0.08410256356	26.1815338135
1446577696.93	-0.104188032448	0.0840170904994	26.4174365997
1446577697.03	-0.104188032448	0.0840170904994	26.7154426575
1446577697.15	-0.104188032448	0.0840170904994	26.7154426575
1446577697.25	-0.104188032448	0.0837606862187	27.1002120972
1446577697.36	-0.104188032448	0.0837606862187	27.1011867523
1446577697.47	-0.104188032448	0.0837606862187	27.1011867523
1446577697.58	-0.104188032448	0.0836752131581	27.21027565
1446577697.69	-0.104188032448	0.0836752131581	27.21027565
1446577697.8	-0.104188032448	0.0836752131581	27.1552715302
1446577697.91	-0.104188032448	0.0837606862187	27.1552715302
1446577698.01	-0.104188032448	0.0837606862187	27.0060691833
1446577698.12	-0.104188032448	0.0837606862187	26.9046115875
1446577698.23	-0.104273505509	0.0837606862187	26.7894973755
1446577698.33	-0.104273505509	0.0837606862187	26.8028392792
1446577698.45	-0.104273505509	0.0837606862187	26.8028392792
1446577698.55	-0.104273505509	0.0836752131581	26.8028392792
1446577698.66	-0.104273505509	0.0836752131581	27.3061943054
1446577698.77	-0.104273505509	0.0836752131581	27.3061943054
1446577698.88	-0.104273505509	0.0836752131581	27.1712493896
1446577698.99	-0.10444444418	0.0836752131581	27.6119995117
1446577699.1	-0.10444444418	0.0836752131581	27.7897148132
1446577699.21	-0.10444444418	0.0836752131581	27.7897148132
1446577699.32	-0.10444444418	0.0836752131581	27.8944282532
1446577699.42	-0.10444444418	0.0836752131581	27.8944282532
1446577699.53	-0.10444444418	0.0836752131581	27.8704338074
1446577699.64	-0.10444444418	0.0836752131581	27.8704338074
1446577699.75	-0.10444444418	0.0836752131581	27.8704338074
1446577699.86	-0.10444444418	0.0836752131581	27.6452445984
1446577699.97	-0.104273505509	0.0839316248894	27.6944732666
1446577700.08	-0.104273505509	0.0839316248894	27.5685462952
1446577700.18	-0.104273505509	0.0839316248894	27.6879653931
1446577700.29	-0.104273505509	0.0840170904994	27.6879653931
1446577700.39	-0.104273505509	0.0840170904994	27.6879653931
1446577700.5	-0.104273505509	0.0839316248894	27.6879653931
1446577700.6	-0.104273505509	0.0839316248894	27.6879653931
1446577700.71	-0.104273505509	0.0839316248894	27.6929779053
1446577700.82	-0.104273505509	0.0839316248894	27.6929779053
1446577700.92	-0.104358971119	0.0840170904994	27.5203266144
1446577701.03	-0.104358971119	0.0840170904994	27.5203266144
1446577701.14	-0.104273505509	0.0840170904994	27.5203266144
1446577701.25	-0.104273505509	0.0838461518288	27.5124149323
1446577701.36	-0.104273505509	0.0838461518288	27.5124149323
1446577701.47	-0.104273505509	0.0838461518288	27.5124149323
1446577701.58	-0.104273505509	0.0838461518288	27.7806148529
1446577701.69	-0.104273505509	0.0838461518288	27.7806148529
1446577701.8	-0.104273505509	0.0838461518288	27.6613559723
1446577701.91	-0.104273505509	0.0838461518288	27.6613559723
1446577702.02	-0.104273505509	0.0838461518288	27.0115909576
1446577702.14	-0.104273505509	0.0838461518288	27.0115909576
1446577702.25	-0.104273505509	0.0838461518288	27.0115909576
1446577702.35	-0.104273505509	0.0838461518288	27.0815029144
1446577702.46	-0.104358971119	0.0839316248894	27.0815029144
1446577702.57	-0.104358971119	0.0839316248894	27.0815029144
1446577702.67	-0.104358971119	0.0839316248894	27.0815029144
1446577702.78	-0.104358971119	0.0839316248894	27.0815029144
1446577702.88	-0.10444444418	0.0840170904994	27.8882369995
1446577702.99	-0.10444444418	0.0840170904994	27.9071826935
1446577703.09	-0.10444444418	0.0840170904994	27.3541355133
1446577703.21	-0.104358971119	0.0840170904994	27.4718341827
1446577703.32	-0.104358971119	0.0840170904994	27.4718341827
1446577703.43	-0.104358971119	0.0840170904994	27.4718341827
1446577703.54	-0.104358971119	0.0840170904994	27.4718341827
1446577703.65	-0.104358971119	0.0840170904994	27.4718341827
1446577703.76	-0.104358971119	0.0840170904994	27.4718341827
1446577703.86	-0.10452991724	0.0840170904994	27.4695224762
1446577703.97	-0.10452991724	0.0840170904994	27.4695224762
1446577704.08	-0.10452991724	0.0840170904994	27.4695224762
1446577704.19	-0.10461538285	0.08410256356	27.4695224762
1446577704.3	-0.10461538285	0.08410256356	27.5950622559
1446577704.41	-0.10461538285	0.08410256356	27.858253479
1446577704.52	-0.10452991724	0.0840170904994	27.6957588196
1446577704.63	-0.10452991724	0.0840170904994	27.6957588196
1446577704.74	-0.10452991724	0.0840170904994	27.6957588196
1446577704.84	-0.10452991724	0.0840170904994	27.9978637695
1446577704.94	-0.10452991724	0.08410256356	27.9978637695
1446577705.05	-0.10452991724	0.08410256356	27.9978637695
1446577705.16	-0.10452991724	0.08410256356	27.9978637695
1446577705.26	-0.10444444418	0.0840170904994	27.9978637695
1446577705.37	-0.10444444418	0.0840170904994	28.2366886139
1446577705.48	-0.10444444418	0.0840170904994	28.2366886139
1446577705.58	-0.10444444418	0.0840170904994	28.2366886139
1446577705.69	-0.10444444418	0.0840170904994	28.2366886139
1446577705.8	-0.10444444418	0.0840170904994	28.2366886139
1446577705.91	-0.10452991724	0.0840170904994	28.2412109375
1446577706.02	-0.10452991724	0.0840170904994	28.0147380829
1446577706.12	-0.10452991724	0.0840170904994	27.7301082611
1446577706.23	-0.10444444418	0.0840170904994	28.0271835327
1446577706.33	-0.10444444418	0.0840170904994	28.0271835327
1446577706.44	-0.10444444418	0.0840170904994	28.0271835327
1446577706.55	-0.10452991724	0.0839316248894	28.0271835327
1446577706.66	-0.10452991724	0.0839316248894	28.0271835327
1446577706.77	-0.10452991724	0.0839316248894	28.1951732635
1446577706.88	-0.10452991724	0.0839316248894	28.5934371948
1446577706.99	-0.10452991724	0.0839316248894	28.2521896362
1446577707.1	-0.10452991724	0.0839316248894	28.2521896362
1446577707.2	-0.10452991724	0.0839316248894	28.2521896362
1446577707.31	-0.10452991724	0.0839316248894	28.3861637115
1446577707.41	-0.10452991724	0.0839316248894	28.0180206299
1446577707.52	-0.10452991724	0.0839316248894	28.0180206299
1446577707.63	-0.10452991724	0.0839316248894	28.0774974823
1446577707.74	-0.10452991724	0.0839316248894	28.0774974823
1446577707.85	-0.10452991724	0.0839316248894	28.0774974823
1446577707.96	-0.10444444418	0.0839316248894	28.2567634583
1446577708.06	-0.10444444418	0.0839316248894	28.2567634583
1446577708.17	-0.10444444418	0.0839316248894	28.5082912445
1446577708.28	-0.104358971119	0.0840170904994	28.5082912445
1446577708.39	-0.104358971119	0.0840170904994	28.5082912445
1446577708.49	-0.10444444418	0.0840170904994	28.5082912445
1446577708.6	-0.10444444418	0.0840170904994	28.5082912445
1446577708.71	-0.10444444418	0.0840170904994	28.5082912445
1446577708.82	-0.10444444418	0.0840170904994	28.5082912445
1446577708.93	-0.10444444418	0.0840170904994	28.4267425537
1446577709.04	-0.10444444418	0.0840170904994	28.1133499146
1446577709.15	-0.10444444418	0.0840170904994	28.1133499146
1446577709.26	-0.10444444418	0.0839316248894	28.3606281281
1446577709.37	-0.10444444418	0.0839316248894	28.741519928
1446577709.47	-0.10452991724	0.0840170904994	28.741519928
1446577709.58	-0.10452991724	0.0840170904994	28.741519928
1446577709.69	-0.10452991724	0.0840170904994	28.741519928
1446577709.79	-0.10452991724	0.0840170904994	29.0983943939
1446577709.9	-0.10444444418	0.0840170904994	29.0983943939
1446577710.01	-0.10444444418	0.0840170904994	29.0983943939
1446577710.14	-0.10444444418	0.0840170904994	29.0983943939
1446577710.25	-0.10444444418	0.0840170904994	29.1856136322
1446577710.36	-0.10444444418	0.0840170904994	29.1856136322
1446577710.46	-0.10444444418	0.0840170904994	29.1856136322
1446577710.57	-0.10444444418	0.0839316248894	29.1856136322
1446577710.68	-0.10444444418	0.0839316248894	29.1856136322
1446577710.79	-0.10444444418	0.0839316248894	29.1856136322
1446577710.9	-0.104358971119	0.0840170904994	29.3506355286
1446577711.01	-0.104358971119	0.0840170904994	29.3506355286
1446577711.12	-0.104358971119	0.0840170904994	29.3506355286
1446577711.22	-0.10444444418	0.0840170904994	29.3506355286
1446577711.33	-0.10444444418	0.0840170904994	29.5101032257
1446577711.44	-0.10444444418	0.0840170904994	29.5101032257
1446577711.55	-0.104358971119	0.0840170904994	29.5101032257
1446577711.66	-0.104358971119	0.0840170904994	29.5101032257
1446577711.77	-0.104358971119	0.0840170904994	29.5101032257
1446577711.87	-0.104358971119	0.0840170904994	28.8495082855
1446577711.98	-0.10452991724	0.0839316248894	28.8495082855
1446577712.09	-0.10452991724	0.0839316248894	28.8495082855
1446577712.19	-0.10452991724	0.0839316248894	28.8495082855
1446577712.3	-0.10461538285	0.0839316248894	28.8495082855
1446577712.41	-0.10461538285	0.0839316248894	28.9795417786
1446577712.52	-0.10452991724	0.0839316248894	28.9883575439
1446577712.63	-0.10452991724	0.0839316248894	28.9883575439
1446577712.73	-0.10452991724	0.0839316248894	28.9883575439
1446577712.84	-0.10452991724	0.0839316248894	28.9883575439
1446577712.95	-0.10452991724	0.0839316248894	29.1776447296
1446577713.06	-0.10452991724	0.0839316248894	29.6399402618
1446577713.16	-0.10452991724	0.0839316248894	29.6399402618
1446577713.27	-0.10452991724	0.0838461518288	29.7515201569
1446577713.38	-0.10452991724	0.0838461518288	29.7515201569
1446577713.49	-0.10452991724	0.0839316248894	29.7515201569
1446577713.6	-0.10452991724	0.0839316248894	29.7515201569
1446577713.71	-0.10452991724	0.0839316248894	29.7515201569
1446577713.81	-0.10452991724	0.0839316248894	29.9200496674
1446577713.92	-0.10452991724	0.0839316248894	29.2196464539
1446577714.03	-0.10452991724	0.0839316248894	29.2196464539
1446577714.14	-0.10452991724	0.0839316248894	29.2196464539
1446577714.25	-0.10452991724	0.0839316248894	29.2196464539
1446577714.36	-0.10452991724	0.0839316248894	29.2196464539
1446577714.46	-0.10452991724	0.0839316248894	29.4466381073
1446577714.57	-0.10444444418	0.0838461518288	29.4466381073
1446577714.68	-0.10444444418	0.0838461518288	29.4466381073
1446577714.79	-0.10444444418	0.0838461518288	29.4466381073
1446577714.9	-0.10444444418	0.0839316248894	29.5459918976
1446577715.01	-0.10444444418	0.0839316248894	29.5459918976
1446577715.12	-0.10444444418	0.0839316248894	28.8324718475
1446577715.23	-0.10452991724	0.0839316248894	29.1672420502
1446577715.34	-0.10452991724	0.0839316248894	29.1672420502
1446577715.45	-0.10452991724	0.0839316248894	29.6254234314
1446577715.56	-0.10444444418	0.0839316248894	29.6254234314
1446577715.66	-0.10444444418	0.0839316248894	29.6254234314
1446577715.77	-0.10444444418	0.0839316248894	29.6254234314
1446577715.88	-0.10444444418	0.0839316248894	29.6254234314
1446577715.99	-0.10452991724	0.0839316248894	29.6254234314
1446577716.1	-0.10452991724	0.0839316248894	29.8613548279
1446577716.21	-0.10444444418	0.0839316248894	30.051197052
1446577716.32	-0.10444444418	0.0839316248894	29.9641132355
1446577716.43	-0.10444444418	0.0839316248894	29.9641132355
1446577716.54	-0.10444444418	0.0839316248894	29.6706562042
1446577716.64	-0.10444444418	0.0839316248894	29.9405593872
1446577716.75	-0.10444444418	0.0839316248894	29.9405593872
1446577716.86	-0.10444444418	0.0839316248894	29.9405593872
1446577716.97	-0.10444444418	0.0839316248894	29.4848918915
1446577717.07	-0.10444444418	0.0839316248894	29.4848918915
1446577717.18	-0.10444444418	0.0838461518288	29.5469779968
1446577717.29	-0.10452991724	0.0838461518288	29.5469779968
1446577717.4	-0.10452991724	0.0838461518288	29.5469779968
1446577717.51	-0.10452991724	0.0838461518288	29.5469779968
1446577717.62	-0.10444444418	0.0839316248894	29.5469779968
1446577717.73	-0.10444444418	0.0839316248894	29.5469779968
1446577717.84	-0.10444444418	0.0839316248894	29.5469779968
1446577717.95	-0.10444444418	0.0839316248894	29.7474994659
1446577718.05	-0.10444444418	0.0839316248894	29.848613739
1446577718.16	-0.10444444418	0.0839316248894	29.848613739
1446577718.27	-0.10444444418	0.0839316248894	29.848613739
1446577718.38	-0.10444444418	0.0839316248894	30.1168556213
1446577718.49	-0.10444444418	0.0838461518288	30.1168556213
1446577718.6	-0.10444444418	0.0838461518288	30.1168556213
1446577718.7	-0.10444444418	0.0838461518288	30.1168556213
1446577718.81	-0.10444444418	0.0838461518288	29.5531845093
1446577718.92	-0.10444444418	0.0839316248894	29.5531845093
1446577719.03	-0.10444444418	0.0839316248894	29.6291255951
1446577719.14	-0.10444444418	0.0839316248894	29.6291255951
1446577719.25	-0.10444444418	0.0839316248894	29.6291255951
1446577719.35	-0.10444444418	0.0839316248894	29.6143741608
1446577719.46	-0.10444444418	0.0839316248894	29.6143741608
1446577719.56	-0.10444444418	0.0839316248894	29.6143741608
1446577719.67	-0.10444444418	0.0839316248894	29.6143741608
1446577719.78	-0.10444444418	0.0839316248894	29.6143741608
1446577719.89	-0.10444444418	0.0839316248894	29.6335639954
1446577720.0	-0.10444444418	0.0839316248894	30.027463913
1446577720.11	-0.10444444418	0.0839316248894	30.027463913
1446577720.22	-0.10444444418	0.0839316248894	30.1299419403
1446577720.32	-0.10444444418	0.0839316248894	30.1299419403
1446577720.43	-0.10444444418	0.0839316248894	30.1299419403
1446577720.54	-0.10444444418	0.0839316248894	30.1299419403
1446577720.64	-0.10444444418	0.0839316248894	30.1244812012
1446577720.75	-0.10444444418	0.0839316248894	30.1244812012
1446577720.86	-0.10444444418	0.0839316248894	29.9497966766
1446577720.97	-0.10452991724	0.0839316248894	29.9497966766
1446577721.08	-0.10452991724	0.0839316248894	29.6680145264
1446577721.19	-0.10452991724	0.0839316248894	30.1283321381
1446577721.29	-0.10444444418	0.0838461518288	29.659734726
1446577721.4	-0.10444444418	0.0838461518288	29.659734726
1446577721.51	-0.10452991724	0.0839316248894	29.659734726
1446577721.62	-0.10452991724	0.0839316248894	29.659734726
1446577721.72	-0.10452991724	0.0839316248894	30.4132385254
1446577721.83	-0.10444444418	0.0839316248894	30.4132385254
1446577721.94	-0.10444444418	0.0839316248894	29.4157848358
1446577722.04	-0.10444444418	0.0839316248894	29.4157848358
1446577722.14	-0.10444444418	0.0839316248894	29.4157848358
1446577722.25	-0.10444444418	0.0839316248894	29.7342071533
1446577722.36	-0.10444444418	0.0839316248894	29.7342071533
1446577722.47	-0.10444444418	0.0838461518288	29.7342071533
1446577722.58	-0.10444444418	0.0838461518288	29.7342071533
1446577722.69	-0.10444444418	0.0838461518288	29.7342071533
1446577722.79	-0.10444444418	0.0838461518288	29.7342071533
1446577722.9	-0.10444444418	0.0839316248894	30.3580551147
1446577723.02	-0.10444444418	0.0839316248894	30.3580551147
1446577723.13	-0.10444444418	0.0839316248894	30.3580551147
1446577723.23	-0.10444444418	0.0839316248894	30.1334342957
1446577723.34	-0.10444444418	0.0839316248894	30.1334342957
1446577723.45	-0.10444444418	0.0839316248894	30.1334342957
1446577723.56	-0.10444444418	0.0839316248894	30.1334342957
1446577723.66	-0.10444444418	0.0839316248894	30.1334342957
1446577723.77	-0.10444444418	0.0839316248894	30.1334342957
1446577723.88	-0.10444444418	0.0838461518288	30.1334342957
1446577723.99	-0.10444444418	0.0838461518288	30.6666660309
1446577724.1	-0.10444444418	0.0838461518288	29.9944553375
1446577724.2	-0.10444444418	0.0839316248894	29.9944553375
1446577724.31	-0.10444444418	0.0839316248894	29.9944553375
1446577724.42	-0.10444444418	0.0839316248894	29.9944553375
1446577724.53	-0.10444444418	0.0839316248894	29.9944553375
1446577724.64	-0.10444444418	0.0839316248894	29.8841400146
1446577724.74	-0.10444444418	0.0839316248894	30.2096042633
1446577724.85	-0.10452991724	0.0839316248894	30.2096042633
1446577724.95	-0.10452991724	0.0839316248894	30.1156749725
1446577725.06	-0.10452991724	0.0839316248894	30.1156749725
1446577725.17	-0.10452991724	0.0839316248894	30.1156749725
1446577725.28	-0.10444444418	0.0839316248894	30.1415958405
1446577725.39	-0.10444444418	0.0839316248894	30.4564056396
1446577725.51	-0.10444444418	0.0839316248894	30.4564056396
1446577725.61	-0.10444444418	0.0839316248894	30.4564056396
1446577725.72	-0.10444444418	0.0839316248894	30.4564056396
1446577725.83	-0.10444444418	0.0839316248894	30.4564056396
1446577725.94	-0.10444444418	0.0839316248894	30.6398715973
1446577726.05	-0.10444444418	0.0839316248894	30.6398715973
1446577726.15	-0.10444444418	0.0839316248894	30.6398715973
1446577726.26	-0.10444444418	0.0839316248894	30.7796287537
1446577726.37	-0.10444444418	0.0839316248894	30.7796287537
1446577726.48	-0.10444444418	0.0838461518288	30.7796287537
1446577726.58	-0.10444444418	0.0838461518288	30.7796287537
1446577726.69	-0.10444444418	0.0838461518288	30.7796287537
1446577726.8	-0.10444444418	0.0838461518288	30.3529396057
1446577726.9	-0.10444444418	0.0839316248894	30.3529396057
1446577727.02	-0.10444444418	0.0839316248894	30.3529396057
1446577727.12	-0.10444444418	0.0839316248894	30.3529396057
1446577727.23	-0.10444444418	0.0839316248894	30.3529396057
1446577727.34	-0.10444444418	0.0839316248894	30.3687496185
1446577727.45	-0.10444444418	0.0839316248894	30.3687496185
1446577727.56	-0.10444444418	0.0839316248894	30.3687496185
1446577727.67	-0.10444444418	0.0839316248894	30.3687496185
1446577727.78	-0.10444444418	0.0839316248894	30.3687496185
1446577727.89	-0.10444444418	0.0839316248894	30.2244949341
1446577728.0	-0.10444444418	0.0839316248894	30.494512558
1446577728.11	-0.10444444418	0.0839316248894	30.494512558
1446577728.21	-0.10444444418	0.0839316248894	30.518321991
1446577728.32	-0.10444444418	0.0839316248894	30.518321991
1446577728.43	-0.10444444418	0.0839316248894	31.0362167358
1446577728.54	-0.10444444418	0.0839316248894	31.0362167358
1446577728.64	-0.10444444418	0.0839316248894	31.0362167358
1446577728.76	-0.10444444418	0.0839316248894	31.0362167358
1446577728.87	-0.10444444418	0.0839316248894	31.0362167358
1446577728.98	-0.10444444418	0.0839316248894	30.226518631
1446577729.09	-0.10444444418	0.0839316248894	30.405248642
1446577729.2	-0.10444444418	0.0838461518288	30.5812187195
1446577729.31	-0.10444444418	0.0838461518288	30.5812187195
1446577729.41	-0.10444444418	0.0838461518288	30.1178436279
1446577729.52	-0.10452991724	0.0839316248894	30.1178436279
1446577729.63	-0.10452991724	0.0839316248894	30.1178436279
1446577729.74	-0.10452991724	0.0839316248894	30.1178436279
1446577729.84	-0.10452991724	0.0839316248894	30.1178436279
1446577729.95	-0.10444444418	0.0839316248894	30.2172756195
1446577730.06	-0.10444444418	0.0839316248894	29.6143665314
1446577730.17	-0.10444444418	0.0839316248894	29.6143665314
1446577730.28	-0.10444444418	0.0839316248894	29.6220607758
1446577730.38	-0.10444444418	0.0839316248894	29.6220607758
1446577730.49	-0.10444444418	0.0838461518288	29.6220607758
1446577730.59	-0.10444444418	0.0838461518288	29.6220607758
1446577730.7	-0.10444444418	0.0838461518288	29.6220607758
1446577730.81	-0.10444444418	0.0838461518288	29.6220607758
1446577730.92	-0.10444444418	0.0839316248894	30.1249103546
1446577731.03	-0.10444444418	0.0839316248894	30.780380249
1446577731.14	-0.10444444418	0.0839316248894	30.7957172394
1446577731.24	-0.10444444418	0.0839316248894	30.7957172394
1446577731.35	-0.10444444418	0.0839316248894	30.73969841
1446577731.46	-0.10444444418	0.0839316248894	30.73969841
1446577731.57	-0.10444444418	0.0839316248894	30.73969841
1446577731.68	-0.10444444418	0.0839316248894	30.73969841
1446577731.79	-0.10444444418	0.0839316248894	30.73969841
1446577731.89	-0.10444444418	0.0839316248894	30.7988414764
1446577732.01	-0.10444444418	0.0839316248894	30.7988414764
1446577732.11	-0.10444444418	0.0839316248894	30.7988414764
1446577732.22	-0.10444444418	0.0839316248894	30.1315898895
1446577732.33	-0.10444444418	0.0839316248894	30.0071277618
1446577732.44	-0.10444444418	0.0839316248894	30.0071277618
1446577732.55	-0.10444444418	0.0839316248894	30.0071277618
1446577732.65	-0.10444444418	0.0839316248894	30.4521942139
1446577732.76	-0.10444444418	0.0839316248894	30.4521942139
1446577732.87	-0.10444444418	0.0839316248894	30.4521942139
1446577732.98	-0.10444444418	0.0839316248894	30.5728034973
1446577733.09	-0.10444444418	0.0839316248894	30.5728034973
1446577733.19	-0.10444444418	0.0838461518288	30.5728034973
1446577733.3	-0.10444444418	0.0838461518288	30.5677947998
1446577733.41	-0.10444444418	0.0838461518288	30.5677947998
1446577733.52	-0.10444444418	0.0839316248894	30.5677947998
1446577733.63	-0.10444444418	0.0839316248894	30.5677947998
1446577733.74	-0.10444444418	0.0839316248894	30.5677947998
1446577733.84	-0.10444444418	0.0839316248894	30.6758804321
1446577733.95	-0.10444444418	0.0839316248894	30.3602027893
1446577734.05	-0.10444444418	0.0839316248894	30.3602027893
1446577734.16	-0.10444444418	0.0839316248894	30.1085700989
1446577734.27	-0.10444444418	0.0839316248894	30.1085700989
1446577734.38	-0.10444444418	0.0839316248894	30.552280426
1446577734.49	-0.10444444418	0.0839316248894	30.552280426
1446577734.6	-0.10444444418	0.0838461518288	30.552280426
1446577734.71	-0.10444444418	0.0838461518288	30.552280426
1446577734.82	-0.10444444418	0.0838461518288	30.552280426
1446577734.92	-0.10444444418	0.0839316248894	30.552280426
1446577735.02	-0.10444444418	0.0839316248894	30.552280426
1446577735.13	-0.10444444418	0.0839316248894	30.552280426
1446577735.23	-0.10444444418	0.0839316248894	30.552280426
1446577735.34	-0.10444444418	0.0839316248894	30.6265563965
1446577735.45	-0.10444444418	0.0839316248894	30.7170391083
1446577735.57	-0.10444444418	0.0839316248894	30.4302902222
1446577735.68	-0.10444444418	0.0839316248894	30.4302902222
1446577735.78	-0.10444444418	0.0839316248894	29.8679275513
1446577735.89	-0.10444444418	0.0839316248894	29.8679275513
1446577736.0	-0.10444444418	0.0839316248894	30.8180198669
1446577736.11	-0.10444444418	0.0839316248894	30.8180198669
1446577736.22	-0.10444444418	0.0839316248894	30.9769134521
1446577736.33	-0.10444444418	0.0839316248894	30.9769134521
1446577736.44	-0.10444444418	0.0839316248894	30.9769134521
1446577736.55	-0.10444444418	0.0839316248894	30.9769134521
1446577736.66	-0.10444444418	0.0839316248894	30.9769134521
1446577736.77	-0.10444444418	0.0839316248894	30.9769134521
1446577736.88	-0.10444444418	0.0839316248894	31.1474723816
1446577736.99	-0.10444444418	0.0839316248894	31.1474723816
1446577737.1	-0.10444444418	0.0839316248894	31.1474723816
1446577737.2	-0.10444444418	0.0838461518288	30.9294433594
1446577737.31	-0.10444444418	0.0838461518288	30.9294433594
1446577737.42	-0.10444444418	0.0838461518288	30.9294433594
1446577737.53	-0.10444444418	0.0839316248894	31.0258636475
1446577737.64	-0.10444444418	0.0839316248894	31.0258636475
1446577737.75	-0.10444444418	0.0839316248894	31.0258636475
1446577737.85	-0.10444444418	0.0839316248894	31.0258636475
1446577737.96	-0.10444444418	0.0839316248894	31.1339187622
1446577738.07	-0.10444444418	0.0839316248894	31.1339187622
1446577738.18	-0.10444444418	0.0839316248894	29.9661331177
1446577738.29	-0.10444444418	0.0839316248894	29.9661331177
1446577738.4	-0.10444444418	0.0839316248894	30.0964870453
1446577738.51	-0.10444444418	0.0838461518288	30.0964870453
1446577738.62	-0.10444444418	0.0838461518288	30.0964870453
1446577738.73	-0.10444444418	0.0838461518288	30.0964870453
1446577738.83	-0.10444444418	0.0838461518288	31.3937740326
1446577738.95	-0.10444444418	0.0839316248894	31.3937740326
1446577739.06	-0.10444444418	0.0839316248894	31.3937740326
1446577739.17	-0.10444444418	0.0839316248894	31.0112056732
1446577739.28	-0.10444444418	0.0839316248894	31.0112056732
1446577739.39	-0.10444444418	0.0839316248894	31.1771202087
1446577739.5	-0.10444444418	0.0839316248894	31.1771202087
1446577739.6	-0.10444444418	0.0839316248894	31.1771202087
1446577739.71	-0.10444444418	0.0839316248894	31.1771202087
1446577739.82	-0.10444444418	0.0839316248894	31.1771202087
1446577739.93	-0.10444444418	0.0839316248894	31.2225990295
1446577740.04	-0.10444444418	0.0839316248894	30.3174610138
1446577740.15	-0.10444444418	0.0839316248894	30.3174610138
1446577740.25	-0.10444444418	0.0839316248894	30.3789234161
1446577740.36	-0.10444444418	0.0839316248894	31.4490680695
1446577740.47	-0.10444444418	0.0839316248894	31.4490680695
1446577740.58	-0.10444444418	0.0839316248894	31.4490680695
1446577740.68	-0.10444444418	0.0839316248894	31.4490680695
1446577740.79	-0.10444444418	0.0839316248894	31.391916275
1446577740.89	-0.10444444418	0.0839316248894	31.6695156097
1446577741.0	-0.10444444418	0.0839316248894	31.6695156097
1446577741.11	-0.10444444418	0.0839316248894	31.6695156097
1446577741.22	-0.10444444418	0.0838461518288	31.7896537781
1446577741.33	-0.10444444418	0.0838461518288	31.2463188171
1446577741.44	-0.10444444418	0.0838461518288	31.2463188171
1446577741.54	-0.10444444418	0.0839316248894	31.2463188171
1446577741.65	-0.10444444418	0.0839316248894	31.2463188171
1446577741.76	-0.10444444418	0.0839316248894	31.2463188171
1446577741.87	-0.10444444418	0.0839316248894	31.2463188171
1446577741.98	-0.10444444418	0.0839316248894	32.4348258972
1446577742.09	-0.10444444418	0.0839316248894	32.0157318115
1446577742.2	-0.10444444418	0.0839316248894	32.0721969604
1446577742.31	-0.10452991724	0.0839316248894	30.8186683655
1446577742.42	-0.10452991724	0.0839316248894	30.8186683655
1446577742.53	-0.10444444418	0.0838461518288	30.8186683655
1446577742.64	-0.10444444418	0.0838461518288	30.8186683655
1446577742.76	-0.10444444418	0.0838461518288	30.8186683655
1446577742.86	-0.10444444418	0.0838461518288	30.8186683655
1446577742.97	-0.10444444418	0.0839316248894	31.8236446381
1446577743.08	-0.10444444418	0.0839316248894	31.8236446381
1446577743.19	-0.10444444418	0.0839316248894	31.8236446381
1446577743.3	-0.10444444418	0.0839316248894	31.8796710968
1446577743.42	-0.10444444418	0.0839316248894	31.8796710968
1446577743.53	-0.10444444418	0.0839316248894	31.8796710968
1446577743.63	-0.10444444418	0.0839316248894	31.8796710968
1446577743.74	-0.10444444418	0.0839316248894	31.8796710968
1446577743.85	-0.10444444418	0.0839316248894	31.8796710968
1446577743.96	-0.10444444418	0.0838461518288	32.2171287537
1446577744.07	-0.10444444418	0.0838461518288	32.2171287537
1446577744.17	-0.10444444418	0.0839316248894	32.2171287537
1446577744.28	-0.10444444418	0.0839316248894	32.2899284363
1446577744.39	-0.10444444418	0.0839316248894	32.2899284363
1446577744.49	-0.10444444418	0.0839316248894	32.2899284363
1446577744.61	-0.10444444418	0.0839316248894	32.2899284363
1446577744.71	-0.10444444418	0.0839316248894	32.2899284363
1446577744.82	-0.10444444418	0.0839316248894	32.2899284363
1446577744.93	-0.10444444418	0.0839316248894	32.0850524902
1446577745.04	-0.10444444418	0.0839316248894	32.0850524902
1446577745.15	-0.10444444418	0.0839316248894	31.6207695007
1446577745.26	-0.10444444418	0.0838461518288	31.6207695007
1446577745.37	-0.10444444418	0.0838461518288	31.6286869049
1446577745.47	-0.10444444418	0.0839316248894	31.5675086975
1446577745.58	-0.10444444418	0.0839316248894	31.5675086975
1446577745.69	-0.10444444418	0.0839316248894	31.5675086975
1446577745.8	-0.10444444418	0.0839316248894	31.5675086975
1446577745.91	-0.10444444418	0.0839316248894	31.442193985
1446577746.01	-0.10444444418	0.0839316248894	31.9838027954
1446577746.12	-0.10444444418	0.0839316248894	31.9838027954
1446577746.23	-0.10444444418	0.0839316248894	31.9838027954
1446577746.34	-0.10444444418	0.0839316248894	32.0078353882
1446577746.45	-0.10444444418	0.0838461518288	32.0078353882
1446577746.56	-0.10444444418	0.0838461518288	32.0078353882
1446577746.67	-0.10444444418	0.0838461518288	32.0078353882
1446577746.78	-0.10444444418	0.0838461518288	32.0078353882
1446577746.89	-0.10444444418	0.0839316248894	32.0078353882
1446577747.0	-0.10444444418	0.0839316248894	32.4550628662
1446577747.11	-0.10444444418	0.0839316248894	32.2555351257
1446577747.21	-0.10452991724	0.0839316248894	32.3120346069
1446577747.33	-0.10452991724	0.0839316248894	32.3120346069
1446577747.43	-0.10444444418	0.0839316248894	32.3120346069
1446577747.54	-0.10444444418	0.0839316248894	32.3120346069
1446577747.65	-0.10444444418	0.0839316248894	32.3120346069
1446577747.76	-0.10444444418	0.0839316248894	32.3120346069
1446577747.87	-0.10444444418	0.0838461518288	31.810087204
1446577747.98	-0.10444444418	0.0838461518288	31.7852058411
1446577748.09	-0.10444444418	0.0838461518288	31.7852058411
1446577748.2	-0.10444444418	0.0839316248894	32.1804084778
1446577748.3	-0.10444444418	0.0839316248894	32.1695365906
1446577748.41	-0.10444444418	0.0839316248894	32.4941558838
1446577748.52	-0.10452991724	0.0839316248894	32.4941558838
1446577748.62	-0.10452991724	0.0839316248894	31.6187915802
1446577748.73	-0.10452991724	0.0839316248894	31.6187915802
1446577748.84	-0.10452991724	0.0839316248894	31.6187915802
1446577748.95	-0.10452991724	0.0839316248894	31.7888717651
1446577749.06	-0.10452991724	0.0839316248894	31.7888717651
1446577749.17	-0.10444444418	0.0838461518288	31.7888717651
1446577749.28	-0.10444444418	0.0838461518288	31.2784118652
1446577749.39	-0.10444444418	0.0838461518288	31.2784118652
1446577749.49	-0.10444444418	0.0839316248894	31.2784118652
1446577749.61	-0.10444444418	0.0839316248894	31.2784118652
1446577749.71	-0.10444444418	0.0839316248894	31.2784118652
1446577749.82	-0.10444444418	0.0839316248894	31.2784118652
1446577749.93	-0.10444444418	0.0839316248894	31.3219890594
1446577750.04	-0.10444444418	0.0839316248894	31.3219890594
1446577750.15	-0.10444444418	0.0839316248894	31.3219890594
1446577750.26	-0.10444444418	0.0839316248894	31.3219890594
1446577750.37	-0.10444444418	0.0839316248894	31.4835338593
1446577750.47	-0.10444444418	0.0839316248894	31.4835338593
1446577750.58	-0.10444444418	0.0838461518288	31.4835338593
1446577750.69	-0.10444444418	0.0838461518288	31.4835338593
1446577750.8	-0.10444444418	0.0838461518288	31.4835338593
1446577750.91	-0.10444444418	0.0839316248894	31.3573646545
1446577751.02	-0.10444444418	0.0839316248894	31.3573646545
1446577751.13	-0.10444444418	0.0839316248894	31.3573646545
1446577751.24	-0.10444444418	0.0839316248894	31.1982688904
1446577751.35	-0.10444444418	0.0839316248894	31.1982688904
1446577751.46	-0.10444444418	0.0839316248894	31.1982688904
1446577751.56	-0.10444444418	0.0839316248894	31.1982688904
1446577751.68	-0.10444444418	0.0839316248894	31.1982688904
1446577751.79	-0.10444444418	0.0839316248894	31.1982688904
1446577751.89	-0.10444444418	0.0838461518288	30.64270401
1446577752.0	-0.10444444418	0.0838461518288	30.7855644226
1446577752.11	-0.10444444418	0.0838461518288	31.2231006622
1446577752.22	-0.10444444418	0.0839316248894	30.8579502106
1446577752.32	-0.10444444418	0.0839316248894	30.8579502106
1446577752.43	-0.10444444418	0.0839316248894	30.8579502106
1446577752.54	-0.10452991724	0.0839316248894	30.5931854248
1446577752.64	-0.10452991724	0.0839316248894	30.5931854248
1446577752.74	-0.10452991724	0.0839316248894	30.5931854248
1446577752.85	-0.10452991724	0.0839316248894	30.5771827698
1446577752.96	-0.10444444418	0.0839316248894	30.5771827698
1446577753.07	-0.10444444418	0.0839316248894	30.6787815094
1446577753.18	-0.10444444418	0.0838461518288	30.6356563568
1446577753.29	-0.10444444418	0.0838461518288	30.6356563568
1446577753.4	-0.10444444418	0.0838461518288	30.3908939362
1446577753.51	-0.10444444418	0.0839316248894	30.5483703613
1446577753.62	-0.10444444418	0.0839316248894	30.5483703613
1446577753.73	-0.10444444418	0.0839316248894	30.5483703613
1446577753.84	-0.10444444418	0.0839316248894	30.9833431244
1446577753.94	-0.10444444418	0.0839316248894	30.9833431244
1446577754.05	-0.10444444418	0.0839316248894	30.7155513763
1446577754.16	-0.10444444418	0.0839316248894	30.7155513763
1446577754.27	-0.10444444418	0.0839316248894	30.7155513763
1446577754.38	-0.10444444418	0.0839316248894	30.6756496429
1446577754.48	-0.10444444418	0.0838461518288	30.6756496429
1446577754.59	-0.10444444418	0.0838461518288	30.6756496429
1446577754.7	-0.10444444418	0.0838461518288	30.6756496429
1446577754.81	-0.10444444418	0.0838461518288	30.6756496429
1446577754.92	-0.10444444418	0.0839316248894	30.6756496429
1446577755.02	-0.10444444418	0.0839316248894	30.6723041534
1446577755.13	-0.10444444418	0.0839316248894	30.6723041534
1446577755.24	-0.10444444418	0.0839316248894	30.6244277954
1446577755.35	-0.10444444418	0.0839316248894	30.6244277954
1446577755.46	-0.10444444418	0.0839316248894	30.6244277954
1446577755.57	-0.10452991724	0.0839316248894	30.6244277954
1446577755.68	-0.10452991724	0.0839316248894	30.6244277954
1446577755.79	-0.10452991724	0.0839316248894	30.6244277954
1446577755.89	-0.10444444418	0.0838461518288	30.6244277954
1446577756.0	-0.10444444418	0.0838461518288	30.404882431
1446577756.11	-0.10444444418	0.0838461518288	30.404882431
1446577756.22	-0.10444444418	0.0839316248894	30.5314178467
1446577756.33	-0.10444444418	0.0839316248894	30.9652385712
1446577756.43	-0.10444444418	0.0839316248894	30.9652385712
1446577756.54	-0.10452991724	0.0839316248894	30.9652385712
1446577756.65	-0.10452991724	0.0839316248894	30.9603767395
1446577756.75	-0.10452991724	0.0839316248894	30.9603767395
1446577756.86	-0.10452991724	0.0839316248894	30.9603767395
1446577756.97	-0.10444444418	0.0839316248894	30.9603767395
1446577757.08	-0.10444444418	0.0839316248894	31.0082607269
1446577757.19	-0.10444444418	0.0839316248894	31.0082607269
1446577757.3	-0.10444444418	0.0838461518288	29.8571662903
1446577757.41	-0.10444444418	0.0838461518288	29.8571662903
1446577757.52	-0.10444444418	0.0839316248894	29.8571662903
1446577757.63	-0.10444444418	0.0839316248894	29.8571662903
1446577757.74	-0.10444444418	0.0839316248894	29.8571662903
1446577757.85	-0.10444444418	0.0839316248894	29.8571662903
1446577757.96	-0.10444444418	0.0839316248894	30.4000797272
1446577758.06	-0.10444444418	0.0839316248894	30.4000797272
1446577758.17	-0.10444444418	0.0839316248894	30.4000797272
1446577758.29	-0.10444444418	0.0839316248894	31.0390892029
1446577758.39	-0.10444444418	0.0839316248894	31.0390892029
1446577758.5	-0.10444444418	0.0839316248894	31.0390892029
1446577758.61	-0.10444444418	0.0839316248894	31.0390892029
1446577758.71	-0.10444444418	0.0839316248894	31.0390892029
1446577758.82	-0.10444444418	0.0839316248894	30.3851203918
1446577758.93	-0.10444444418	0.0839316248894	30.3851203918
1446577759.04	-0.10444444418	0.0839316248894	30.3851203918
1446577759.14	-0.10444444418	0.0839316248894	30.3851203918
1446577759.25	-0.10444444418	0.0839316248894	30.3771686554
1446577759.36	-0.10444444418	0.0839316248894	30.3771686554
1446577759.46	-0.10444444418	0.0839316248894	30.3771686554
1446577759.57	-0.10444444418	0.0839316248894	30.3771686554
1446577759.68	-0.10444444418	0.0839316248894	30.3771686554
1446577759.79	-0.10444444418	0.0839316248894	30.1244220734
1446577759.9	-0.10444444418	0.0839316248894	30.1244220734
1446577760.01	-0.10444444418	0.0838461518288	30.8403759003
1446577760.12	-0.10444444418	0.0838461518288	30.631319046
1446577760.23	-0.10444444418	0.0839316248894	30.631319046
1446577760.34	-0.10444444418	0.0839316248894	30.6874237061
1446577760.45	-0.10444444418	0.0839316248894	30.7289180756
1446577760.55	-0.10444444418	0.0839316248894	30.7289180756
1446577760.66	-0.10444444418	0.0839316248894	30.7289180756
1446577760.77	-0.10444444418	0.0839316248894	30.7289180756
1446577760.88	-0.10444444418	0.0839316248894	30.7289180756
1446577760.99	-0.10444444418	0.0839316248894	30.3235111237
1446577761.1	-0.10444444418	0.0839316248894	30.3235111237
1446577761.21	-0.10444444418	0.0839316248894	30.3235111237
1446577761.32	-0.10444444418	0.0838461518288	30.61003685
1446577761.43	-0.10444444418	0.0838461518288	30.6252861023
1446577761.53	-0.10444444418	0.0839316248894	30.3056163788
1446577761.64	-0.10444444418	0.0839316248894	30.3056163788
1446577761.75	-0.10444444418	0.0839316248894	30.3056163788
1446577761.85	-0.10444444418	0.0839316248894	30.6052589417
1446577761.96	-0.10452991724	0.0839316248894	30.6052589417
1446577762.07	-0.10452991724	0.0839316248894	30.6052589417
1446577762.18	-0.10452991724	0.0839316248894	30.9171352386
1446577762.29	-0.10444444418	0.0839316248894	30.9894638062
1446577762.39	-0.10444444418	0.0839316248894	30.9894638062
1446577762.5	-0.10444444418	0.0839316248894	30.9894638062
1446577762.61	-0.10444444418	0.0838461518288	30.9894638062
1446577762.71	-0.10444444418	0.0838461518288	30.9894638062
1446577762.82	-0.10444444418	0.0838461518288	30.9894638062
1446577762.92	-0.10444444418	0.0839316248894	30.9894638062
1446577763.03	-0.10444444418	0.0839316248894	30.9894638062
1446577763.13	-0.10444444418	0.0839316248894	30.9894638062
1446577763.24	-0.10444444418	0.0839316248894	30.3203449249
1446577763.35	-0.10444444418	0.0839316248894	30.3203449249
1446577763.46	-0.10444444418	0.0839316248894	30.3203449249
1446577763.56	-0.10444444418	0.0839316248894	30.3203449249
1446577763.67	-0.10444444418	0.0839316248894	30.3203449249
1446577763.78	-0.10444444418	0.0839316248894	30.3203449249
1446577763.89	-0.10444444418	0.0839316248894	30.3203449249
1446577764.0	-0.10444444418	0.0839316248894	29.988861084
1446577764.1	-0.10444444418	0.0839316248894	29.988861084
1446577764.21	-0.10444444418	0.0839316248894	30.7699489594
1446577764.32	-0.10444444418	0.0839316248894	30.7699489594
1446577764.43	-0.10444444418	0.0839316248894	30.7699489594
1446577764.54	-0.10452991724	0.0839316248894	30.7699489594
1446577764.65	-0.10452991724	0.0839316248894	30.7699489594
1446577764.76	-0.10452991724	0.0839316248894	30.7699489594
1446577764.87	-0.10452991724	0.0839316248894	30.7699489594
1446577764.98	-0.10452991724	0.0839316248894	30.7699489594
1446577765.08	-0.10452991724	0.0839316248894	30.7699489594
1446577765.19	-0.10452991724	0.0839316248894	30.7699489594
1446577765.29	-0.10452991724	0.0839316248894	30.2451610565
1446577765.4	-0.10452991724	0.0839316248894	30.2451610565
1446577765.52	-0.10444444418	0.0839316248894	30.2451610565
1446577765.63	-0.10444444418	0.0839316248894	30.1606807709
1446577765.73	-0.10444444418	0.0839316248894	30.1606807709
1446577765.84	-0.10452991724	0.0839316248894	30.0335483551
1446577765.95	-0.10452991724	0.0839316248894	30.0335483551
1446577766.06	-0.10452991724	0.0839316248894	29.7795639038
1446577766.16	-0.10444444418	0.0839316248894	29.7795639038
1446577766.27	-0.10444444418	0.0839316248894	29.7562522888
1446577766.38	-0.10444444418	0.0839316248894	29.7562522888
1446577766.49	-0.10444444418	0.0838461518288	29.7562522888
1446577766.6	-0.10444444418	0.0838461518288	30.0135974884
1446577766.71	-0.10444444418	0.0838461518288	30.0135974884
1446577766.82	-0.10444444418	0.0838461518288	30.0135974884
1446577766.93	-0.10452991724	0.0839316248894	30.2353496552
1446577767.03	-0.10452991724	0.0839316248894	30.2353496552
1446577767.14	-0.10452991724	0.0839316248894	30.028837204
1446577767.25	-0.10444444418	0.0839316248894	30.4463558197
1446577767.36	-0.10444444418	0.0839316248894	30.5258560181
1446577767.47	-0.10444444418	0.0839316248894	30.5258560181
1446577767.57	-0.10444444418	0.0839316248894	30.5258560181
1446577767.68	-0.10444444418	0.0839316248894	30.5258560181
1446577767.79	-0.10444444418	0.0839316248894	30.5258560181
1446577767.9	-0.10444444418	0.0839316248894	30.5258560181
1446577768.0	-0.10444444418	0.0839316248894	29.7644023895
1446577768.11	-0.10444444418	0.0839316248894	29.7644023895
1446577768.22	-0.10444444418	0.0839316248894	30.4798736572
1446577768.33	-0.10444444418	0.0839316248894	30.5433731079
1446577768.43	-0.10444444418	0.0839316248894	30.5433731079
1446577768.54	-0.10452991724	0.0839316248894	30.5433731079
1446577768.66	-0.10452991724	0.0839316248894	30.5433731079
1446577768.77	-0.10452991724	0.0839316248894	30.5433731079
1446577768.87	-0.10452991724	0.0839316248894	30.2510414124
1446577768.98	-0.10452991724	0.0839316248894	30.2510414124
1446577769.09	-0.10452991724	0.0839316248894	30.2510414124
1446577769.2	-0.10444444418	0.0838461518288	30.4554424286
1446577769.31	-0.10444444418	0.0838461518288	30.4554424286
1446577769.41	-0.10444444418	0.0838461518288	30.4554424286
1446577769.51	-0.10452991724	0.0839316248894	30.4554424286
1446577769.62	-0.10452991724	0.0839316248894	30.4554424286
1446577769.73	-0.10452991724	0.0839316248894	30.4554424286
1446577769.84	-0.10444444418	0.0839316248894	30.4554424286
1446577769.95	-0.10444444418	0.0839316248894	31.0803489685
1446577770.05	-0.10444444418	0.0839316248894	31.0803489685
1446577770.16	-0.10444444418	0.0839316248894	31.0803489685
1446577770.27	-0.10444444418	0.0839316248894	31.0803489685
1446577770.38	-0.10444444418	0.0839316248894	31.1873836517
1446577770.49	-0.10444444418	0.0839316248894	30.5824604034
1446577770.6	-0.10444444418	0.0839316248894	30.5824604034
