#time	H3DBC3	V3DBC3	sase
1446577384.89	-0.0989743545651	0.0860683768988	1.20937502384
1446577385.01	-0.0989743545651	0.0860683768988	1.26627540588
1446577385.11	-0.0989743545651	0.0860683768988	1.1947401762
1446577385.23	-0.0989743545651	0.0860683768988	1.19478309155
1446577385.33	-0.0989743545651	0.0860683768988	1.17930829525
1446577385.45	-0.0989743545651	0.0860683768988	1.17934989929
1446577385.56	-0.0989743545651	0.0860683768988	1.17943167686
1446577385.67	-0.0989743545651	0.0860683768988	1.1794718504
1446577385.77	-0.0989743545651	0.0860683768988	1.17951190472
1446577385.88	-0.0989743545651	0.0860683768988	1.1795514822
1446577385.99	-0.0989743545651	0.0860683768988	1.18471550941
1446577386.1	-0.0989743545651	0.0860683768988	1.26958596706
1446577386.21	-0.0989743545651	0.0860683768988	1.30303835869
1446577386.32	-0.0989743545651	0.0860683768988	1.30308020115
1446577386.43	-0.0989743545651	0.0860683768988	1.30312168598
1446577386.54	-0.0989743545651	0.0860683768988	1.3031629324
1446577386.65	-0.0989743545651	0.0860683768988	1.30320358276
1446577386.76	-0.0989743545651	0.0860683768988	1.3032438755
1446577386.86	-0.0989743545651	0.0860683768988	1.2371776104
1446577386.96	-0.0989743545651	0.0860683768988	1.2371776104
1446577387.07	-0.0989743545651	0.0860683768988	1.23725152016
1446577387.18	-0.0989743545651	0.0860683768988	1.2637462616
1446577387.29	-0.0989743545651	0.0860683768988	1.26378297806
1446577387.4	-0.0989743545651	0.0860683768988	1.2638194561
1446577387.51	-0.0989743545651	0.0860683768988	1.2638194561
1446577387.62	-0.0989743545651	0.0860683768988	1.26389110088
1446577387.73	-0.0989743545651	0.0860683768988	1.2290905714
1446577387.84	-0.0989743545651	0.0860683768988	1.22912466526
1446577387.94	-0.0989743545651	0.0860683768988	1.26497960091
1446577388.05	-0.0989743545651	0.0860683768988	1.26879668236
1446577388.16	-0.0989743545651	0.0860683768988	1.33503937721
1446577388.27	-0.0989743545651	0.0860683768988	1.3521553278
1446577388.38	-0.0989743545651	0.0860683768988	1.35219061375
1446577388.49	-0.0989743545651	0.0860683768988	1.35222554207
1446577388.6	-0.0989743545651	0.0860683768988	1.35225999355
1446577388.71	-0.0989743545651	0.0860683768988	1.35229420662
1446577388.82	-0.0989743545651	0.0860683768988	1.35232806206
1446577388.93	-0.0989743545651	0.0860683768988	1.35236179829
1446577389.04	-0.0989743545651	0.0860683768988	1.28973948956
1446577389.15	-0.0989743545651	0.0860683768988	1.29715692997
1446577389.25	-0.0989743545651	0.0860683768988	1.32863497734
1446577389.36	-0.0989743545651	0.0860683768988	1.31194067001
1446577389.46	-0.0989743545651	0.0860683768988	1.31200218201
1446577389.57	-0.0989743545651	0.0860683768988	1.31203246117
1446577389.68	-0.0989743545651	0.0860683768988	1.31206250191
1446577389.79	-0.0989743545651	0.0860683768988	1.31209206581
1446577389.9	-0.0989743545651	0.0860683768988	1.31733071804
1446577390.01	-0.0989743545651	0.0860683768988	1.31735992432
1446577390.12	-0.0989743545651	0.0860683768988	1.31738889217
1446577390.23	-0.0989743545651	0.0860683768988	1.31741762161
1446577390.35	-0.0989743545651	0.0860683768988	1.32524168491
1446577390.46	-0.0989743545651	0.0860683768988	1.32526993752
1446577390.56	-0.0989743545651	0.0860683768988	1.32529807091
1446577390.66	-0.0989743545651	0.0860683768988	1.32532560825
1446577390.77	-0.0989743545651	0.0860683768988	1.31629776955
1446577390.87	-0.0989743545651	0.0860683768988	1.31632435322
1446577390.97	-0.0989743545651	0.0860683768988	1.31632435322
1446577391.08	-0.0989743545651	0.0860683768988	1.31635093689
1446577391.18	-0.0989743545651	0.0860683768988	1.31635093689
1446577391.28	-0.0989743545651	0.0860683768988	1.33129453659
1446577391.39	-0.0989743545651	0.0860683768988	1.3313202858
1446577391.49	-0.0989743545651	0.0860683768988	1.33134555817
1446577391.6	-0.0989743545651	0.0860683768988	1.33137083054
1446577391.7	-0.0989743545651	0.0860683768988	1.33139586449
1446577391.81	-0.0989743545651	0.0860683768988	1.3340433836
1446577391.92	-0.0989743545651	0.0860683768988	1.33406794071
1446577392.03	-0.0989743545651	0.0860683768988	1.33409225941
1446577392.14	-0.0989743545651	0.0860683768988	1.39860188961
1446577392.25	-0.0989743545651	0.0860683768988	1.39862680435
1446577392.36	-0.0989743545651	0.0860683768988	1.41500997543
1446577392.46	-0.0989743545651	0.0859829038382	1.41503465176
1446577392.57	-0.0989743545651	0.0859829038382	1.3944568634
1446577392.68	-0.0989743545651	0.0859829038382	1.39871060848
1446577392.79	-0.0989743545651	0.0859829038382	1.39873421192
1446577392.89	-0.0988888889551	0.0859829038382	1.35704529285
1446577393.0	-0.0988888889551	0.0859829038382	1.35706758499
1446577393.11	-0.0988888889551	0.0859829038382	1.35661137104
1446577393.22	-0.0989743545651	0.0859829038382	1.4058893919
1446577393.33	-0.0989743545651	0.0859829038382	1.4058893919
1446577393.44	-0.0989743545651	0.0859829038382	1.40593385696
1446577393.54	-0.0988888889551	0.0859829038382	1.40500128269
1446577393.65	-0.0988888889551	0.0859829038382	1.40502309799
1446577393.76	-0.0988888889551	0.0859829038382	1.40504455566
1446577393.87	-0.103931620717	0.0859829038382	1.40211689472
1446577393.98	-0.103931620717	0.0859829038382	1.40213775635
1446577394.08	-0.103931620717	0.0859829038382	1.40215849876
1446577394.19	-0.103931620717	0.0859829038382	1.41651129723
1446577394.3	-0.105128206313	0.0859829038382	1.42782926559
1446577394.41	-0.105128206313	0.0859829038382	1.42784965038
1446577394.52	-0.104017093778	0.0859829038382	1.42784965038
1446577394.63	-0.104017093778	0.0859829038382	1.42885994911
1446577394.74	-0.104017093778	0.0859829038382	1.42887985706
1446577394.85	-0.104017093778	0.0859829038382	1.42889940739
1446577394.96	-0.103760682046	0.0859829038382	1.40217781067
1446577395.07	-0.103760682046	0.0859829038382	1.40221500397
1446577395.17	-0.099401704967	0.0896581187844	1.43322229385
1446577395.28	-0.099401704967	0.0896581187844	1.43414592743
1446577395.39	-0.099401704967	0.0896581187844	1.43416428566
1446577395.5	-0.0976923033595	0.0911111086607	1.4341827631
1446577395.6	-0.0976923033595	0.0911111086607	1.43420064449
1446577395.71	-0.0976923033595	0.0911111086607	1.43420064449
1446577395.81	-0.0976923033595	0.0911111086607	1.51681423187
1446577395.91	-0.0992307662964	0.0899145305157	1.51683282852
1446577396.02	-0.0992307662964	0.0899145305157	1.43959057331
1446577396.12	-0.0992307662964	0.0899145305157	1.46609795094
1446577396.22	-0.0989743545651	0.0901709422469	2.28238511086
1446577396.32	-0.0989743545651	0.0901709422469	2.24373435974
1446577396.43	-0.0989743545651	0.0901709422469	2.27258443832
1446577396.53	-0.102735042572	0.0902564078569	2.27261042595
1446577396.65	-0.102735042572	0.0902564078569	2.27263641357
1446577396.76	-0.102735042572	0.0902564078569	2.27266216278
1446577396.87	-0.102735042572	0.0902564078569	2.27268767357
1446577396.98	-0.105384618044	0.0901709422469	2.27620029449
1446577397.09	-0.105384618044	0.0901709422469	2.27622485161
1446577397.2	-0.105384618044	0.0901709422469	3.23259043694
1446577397.3	-0.103589743376	0.0901709422469	3.23262500763
1446577397.41	-0.103589743376	0.0901709422469	3.19012641907
1446577397.52	-0.103675216436	0.0901709422469	3.15797400475
1446577397.63	-0.103675216436	0.0901709422469	3.15800690651
1446577397.74	-0.103675216436	0.0901709422469	3.15803933144
1446577397.84	-0.103675216436	0.0901709422469	3.19179534912
1446577397.95	-0.10905982554	0.0862393155694	3.19317960739
1446577398.07	-0.10905982554	0.0862393155694	3.19321155548
1446577398.18	-0.10905982554	0.0862393155694	3.89046835899
1446577398.28	-0.109999999404	0.0849572643638	3.89050579071
1446577398.39	-0.109999999404	0.0849572643638	3.89054298401
1446577398.5	-0.109230771661	0.0859829038382	3.89058017731
1446577398.61	-0.109230771661	0.0859829038382	3.89061617851
1446577398.71	-0.109230771661	0.0859829038382	3.89065217972
1446577398.82	-0.109230771661	0.0859829038382	3.87163424492
1446577398.93	-0.108717948198	0.0859829038382	3.87166905403
1446577399.04	-0.108717948198	0.0859829038382	3.91115736961
1446577399.15	-0.108717948198	0.0859829038382	3.84918999672
1446577399.26	-0.113247863948	0.08410256356	3.84925818443
1446577399.37	-0.113247863948	0.08410256356	3.84925818443
1446577399.48	-0.113247863948	0.08410256356	4.88110208511
1446577399.58	-0.114615380764	0.0833333358169	4.88114356995
1446577399.69	-0.114615380764	0.0833333358169	4.88118457794
1446577399.8	-0.114615380764	0.0833333358169	5.22701692581
1446577399.91	-0.114615380764	0.0833333358169	5.22706031799
1446577400.02	-0.11367521435	0.0839316248894	5.16452217102
1446577400.13	-0.11367521435	0.0839316248894	7.36475276947
1446577400.24	-0.11350427568	0.0838461518288	7.3648109436
1446577400.35	-0.11350427568	0.0838461518288	7.36486911774
1446577400.46	-0.11350427568	0.0838461518288	7.36492681503
1446577400.57	-0.110256411135	0.0823076888919	7.07930898666
1446577400.67	-0.110256411135	0.0823076888919	7.34789800644
1446577400.78	-0.110256411135	0.0823076888919	7.34795379639
1446577400.88	-0.110256411135	0.0823076888919	7.1476354599
1446577400.99	-0.107350423932	0.0811965838075	7.10994720459
1446577401.1	-0.107350423932	0.0811965838075	7.10999917984
1446577401.2	-0.107350423932	0.0811965838075	8.31802940369
1446577401.32	-0.10905982554	0.08179487288	8.31808853149
1446577401.43	-0.10905982554	0.08179487288	8.27836227417
1446577401.54	-0.10905982554	0.0817093998194	8.27836227417
1446577401.65	-0.10905982554	0.0817093998194	8.27847862244
1446577401.76	-0.10905982554	0.0817093998194	8.11569881439
1446577401.87	-0.10905982554	0.0817093998194	8.11575222015
1446577401.98	-0.11358974129	0.0816239342093	8.23404598236
1446577402.09	-0.11358974129	0.0816239342093	10.7634897232
1446577402.2	-0.11358974129	0.0816239342093	10.7635612488
1446577402.31	-0.115128204226	0.0817093998194	10.763630867
1446577402.42	-0.115128204226	0.0817093998194	10.7636985779
1446577402.53	-0.114017091691	0.0817093998194	10.7637672424
1446577402.64	-0.114017091691	0.0817093998194	10.7638349533
1446577402.74	-0.114017091691	0.0817093998194	10.7639017105
1446577402.85	-0.114017091691	0.0817093998194	10.7566585541
1446577402.96	-0.11367521435	0.0817093998194	10.7592515945
1446577403.07	-0.11367521435	0.0817093998194	10.8130483627
1446577403.18	-0.11367521435	0.0817093998194	11.7915201187
1446577403.29	-0.108632475138	0.0840170904994	11.7915887833
1446577403.4	-0.108632475138	0.0840170904994	11.6628761292
1446577403.5	-0.108632475138	0.0840170904994	11.3497371674
1446577403.61	-0.105042733252	0.0853846147656	11.3498001099
1446577403.72	-0.105042733252	0.0853846147656	11.3498649597
1446577403.83	-0.105042733252	0.0853846147656	11.3499269485
1446577403.94	-0.105042733252	0.0853846147656	11.1640825272
1446577404.05	-0.106581196189	0.0847008526325	11.1641435623
1446577404.15	-0.106581196189	0.0847008526325	12.585103035
1446577404.25	-0.106581196189	0.0847008526325	12.5851697922
1446577404.36	-0.106581196189	0.0847008526325	12.5852365494
1446577404.46	-0.106581196189	0.0847008526325	12.8553676605
1446577404.57	-0.106239318848	0.0874358937144	12.8554325104
1446577404.68	-0.106239318848	0.0874358937144	12.8402729034
1446577404.79	-0.106239318848	0.0874358937144	12.785982132
1446577404.9	-0.106410257518	0.0874358937144	12.7860460281
1446577405.01	-0.106410257518	0.0902564078569	12.9188528061
1446577405.12	-0.106410257518	0.0902564078569	12.7955083847
1446577405.23	-0.106324784458	0.0890598297119	14.2084817886
1446577405.34	-0.106324784458	0.0890598297119	14.2085485458
1446577405.45	-0.106324784458	0.0890598297119	14.208615303
1446577405.56	-0.106324784458	0.0890598297119	14.2086811066
1446577405.66	-0.106324784458	0.0890598297119	14.2087478638
1446577405.77	-0.106324784458	0.0890598297119	14.1131362915
1446577405.88	-0.107008546591	0.0874358937144	14.1132011414
1446577405.99	-0.107008546591	0.0874358937144	14.1269235611
1446577406.1	-0.107008546591	0.0874358937144	14.9004192352
1446577406.21	-0.107094019651	0.0874358937144	14.9004192352
1446577406.32	-0.107094019651	0.0869230777025	15.1704282761
1446577406.43	-0.10692307353	0.0869230777025	15.1704931259
1446577406.54	-0.10692307353	0.0869230777025	15.1705570221
1446577406.65	-0.10692307353	0.0873504281044	14.8108158112
1446577406.75	-0.10692307353	0.0873504281044	15.0283718109
1446577406.86	-0.10692307353	0.0873504281044	15.1954984665
1446577406.96	-0.10692307353	0.0873504281044	15.1955604553
1446577407.16	-0.10692307353	0.0858119651675	15.1956825256
1446577407.27	-0.107692308724	0.0858119651675	17.0549678802
1446577407.37	-0.107692308724	0.0858119651675	17.0550327301
1446577407.48	-0.107692308724	0.0851282030344	17.0551643372
1446577407.59	-0.107692308724	0.0851282030344	16.7991485596
1446577407.69	-0.107692308724	0.0851282030344	17.1627788544
1446577407.8	-0.107692308724	0.0851282030344	17.1628437042
1446577407.91	-0.107521370053	0.0855555534363	17.1629066467
1446577408.02	-0.107521370053	0.0855555534363	17.1629695892
1446577408.13	-0.107521370053	0.0855555534363	17.1630306244
1446577408.23	-0.107521370053	0.0853846147656	18.3573703766
1446577408.34	-0.107521370053	0.0853846147656	18.7193546295
1446577408.44	-0.108547009528	0.0843589752913	18.7194213867
1446577408.55	-0.108547009528	0.0843589752913	18.7194862366
1446577408.66	-0.108547009528	0.0843589752913	18.7195510864
1446577408.77	-0.108547009528	0.0843589752913	18.7196140289
1446577408.88	-0.109230771661	0.0833333358169	18.7564964294
1446577408.99	-0.109230771661	0.0833333358169	18.7566184998
1446577409.09	-0.109230771661	0.0833333358169	19.5335388184
1446577409.2	-0.108803421259	0.0839316248894	19.559545517
1446577409.31	-0.108803421259	0.0839316248894	19.559545517
1446577409.42	-0.108803421259	0.0838461518288	19.5596065521
1446577409.53	-0.108803421259	0.0838461518288	19.932636261
1446577409.63	-0.108803421259	0.0838461518288	19.9326972961
1446577409.74	-0.108803421259	0.0838461518288	19.7741394043
1446577409.85	-0.110170938075	0.0843589752913	19.7741394043
1446577409.96	-0.110170938075	0.0843589752913	19.7742004395
1446577410.07	-0.110170938075	0.0843589752913	20.0828647614
1446577410.18	-0.110341876745	0.0844444409013	20.0829238892
1446577410.29	-0.110341876745	0.0844444409013	21.2440490723
1446577410.4	-0.110341876745	0.0844444409013	21.2441120148
1446577410.51	-0.110085472465	0.0843589752913	21.2441730499
1446577410.62	-0.110085472465	0.0843589752913	21.2442321777
1446577410.72	-0.110085472465	0.0843589752913	21.2442951202
1446577410.83	-0.110085472465	0.0843589752913	21.1492424011
1446577410.94	-0.109999999404	0.0843589752913	21.1492996216
1446577411.05	-0.109999999404	0.0843589752913	21.1493549347
1446577411.16	-0.109743587673	0.0844444409013	22.1178817749
1446577411.26	-0.109743587673	0.0844444409013	22.1179409027
1446577411.37	-0.109743587673	0.0844444409013	22.1179981232
1446577411.48	-0.109743587673	0.0844444409013	21.8294296265
1446577411.59	-0.109401710331	0.0846153870225	21.82954216
1446577411.7	-0.109401710331	0.0846153870225	21.8497867584
1446577411.81	-0.109401710331	0.0846153870225	21.798084259
1446577411.92	-0.109401710331	0.0846153870225	21.7635555267
1446577412.03	-0.109401710331	0.0846153870225	21.7636089325
1446577412.14	-0.109401710331	0.0846153870225	21.7636623383
1446577412.25	-0.109401710331	0.0846153870225	22.1923561096
1446577412.36	-0.109401710331	0.0846153870225	22.1924095154
1446577412.47	-0.109316237271	0.0846153870225	22.1924629211
1446577412.58	-0.109316237271	0.0846153870225	22.1925125122
1446577412.69	-0.109316237271	0.0846153870225	22.192615509
1446577412.81	-0.109316237271	0.0846153870225	22.1793746948
1446577412.92	-0.108717948198	0.0849572643638	22.4305171967
1446577413.03	-0.108717948198	0.0849572643638	22.4305667877
1446577413.14	-0.108717948198	0.0849572643638	22.4306144714
1446577413.25	-0.108803421259	0.0848717913032	22.4306144714
1446577413.36	-0.108803421259	0.0848717913032	21.8339672089
1446577413.46	-0.108888886869	0.0848717913032	22.8206825256
1446577413.58	-0.108888886869	0.0848717913032	22.8207302094
1446577413.68	-0.108888886869	0.0848717913032	22.7402801514
1446577413.79	-0.108888886869	0.0848717913032	22.7403259277
1446577413.9	-0.108547009528	0.085299141705	22.7403736115
1446577414.01	-0.108547009528	0.085299141705	22.7404193878
1446577414.12	-0.108547009528	0.085299141705	23.2637786865
1446577414.23	-0.108205124736	0.0858119651675	23.2637786865
1446577414.34	-0.108205124736	0.0858119651675	23.2637786865
1446577414.45	-0.108205124736	0.0858119651675	23.2637786865
1446577414.56	-0.108205124736	0.0858119651675	23.2637786865
1446577414.67	-0.108205124736	0.0858119651675	24.1608409882
1446577414.79	-0.108205124736	0.0858119651675	24.4057216644
1446577414.9	-0.108205124736	0.0858119651675	23.1702270508
1446577415.0	-0.108290597796	0.0857264921069	24.1554641724
1446577415.11	-0.108290597796	0.0857264921069	24.155506134
1446577415.22	-0.108717948198	0.0855555534363	25.2834663391
1446577415.33	-0.108717948198	0.0855555534363	25.2835102081
1446577415.43	-0.108717948198	0.0855555534363	25.2835559845
1446577415.55	-0.109487175941	0.085213676095	25.2835998535
1446577415.65	-0.109487175941	0.085213676095	25.2836437225
1446577415.76	-0.109487175941	0.085213676095	25.2836856842
1446577415.87	-0.109487175941	0.085213676095	25.2214946747
1446577415.98	-0.109487175941	0.085213676095	25.3976287842
1446577416.09	-0.109487175941	0.085213676095	25.9655895233
1446577416.2	-0.109487175941	0.085213676095	25.9656352997
1446577416.3	-0.109401710331	0.085213676095	25.965675354
1446577416.41	-0.109401710331	0.085213676095	25.965713501
1446577416.52	-0.109487175941	0.085213676095	26.4563865662
1446577416.63	-0.109487175941	0.085213676095	25.6673088074
1446577416.74	-0.109487175941	0.085213676095	25.6673088074
1446577416.85	-0.109487175941	0.085213676095	26.5318984985
1446577416.96	-0.10905982554	0.085299141705	26.5319385529
1446577417.07	-0.10905982554	0.085299141705	26.5319824219
1446577417.18	-0.10905982554	0.085299141705	26.5320186615
1446577417.29	-0.10905982554	0.085299141705	27.0214290619
1446577417.39	-0.10905982554	0.085299141705	27.0214691162
1446577417.5	-0.1091452986	0.085299141705	26.3183383942
1446577417.61	-0.1091452986	0.085299141705	26.3183765411
1446577417.72	-0.1091452986	0.085299141705	26.2412662506
1446577417.82	-0.1091452986	0.085299141705	27.0117816925
1446577417.92	-0.1091452986	0.0857264921069	26.9068660736
1446577418.02	-0.1091452986	0.0857264921069	26.9069042206
1446577418.13	-0.1091452986	0.0857264921069	26.9660797119
1446577418.24	-0.10905982554	0.08641025424	26.9661159515
1446577418.35	-0.10905982554	0.08641025424	26.9661502838
1446577418.46	-0.10905982554	0.0864957273006	26.9661846161
1446577418.57	-0.10905982554	0.0864957273006	26.9662227631
1446577418.67	-0.10905982554	0.0864957273006	26.9662532806
1446577418.78	-0.10905982554	0.0864957273006	27.9299144745
1446577418.89	-0.10905982554	0.08641025424	27.9299850464
1446577419.0	-0.10905982554	0.08641025424	27.9300193787
1446577419.11	-0.10905982554	0.08641025424	27.4714927673
1446577419.22	-0.10905982554	0.0861538425088	28.5456485748
1446577419.33	-0.10905982554	0.0861538425088	28.2162952423
1446577419.44	-0.10905982554	0.0861538425088	28.2163257599
1446577419.54	-0.108888886869	0.085299141705	28.2163562775
1446577419.65	-0.108888886869	0.085299141705	28.2163906097
1446577419.76	-0.108888886869	0.085299141705	28.1434631348
1446577419.86	-0.108888886869	0.085299141705	28.8806533813
1446577419.97	-0.108888886869	0.085299141705	28.8806819916
1446577420.08	-0.108888886869	0.085299141705	28.8807125092
1446577420.19	-0.108888886869	0.085299141705	29.4570407867
1446577420.3	-0.10897435993	0.085299141705	29.4717769623
1446577420.41	-0.10897435993	0.085299141705	29.4718074799
1446577420.51	-0.108888886869	0.085299141705	29.4718360901
1446577420.62	-0.108888886869	0.085299141705	29.4718360901
1446577420.73	-0.108888886869	0.085299141705	29.2508392334
1446577420.84	-0.108888886869	0.085299141705	29.2508678436
1446577420.95	-0.108547009528	0.0859829038382	29.1954936981
1446577421.06	-0.108547009528	0.0859829038382	29.1955242157
1446577421.17	-0.108547009528	0.0859829038382	29.1955528259
1446577421.27	-0.108547009528	0.0859829038382	30.2889919281
1446577421.38	-0.108547009528	0.0859829038382	30.2890224457
1446577421.49	-0.108547009528	0.0859829038382	30.1469650269
1446577421.59	-0.108632475138	0.0859829038382	30.1470222473
1446577421.7	-0.108632475138	0.0859829038382	30.1470489502
1446577421.81	-0.108632475138	0.0859829038382	30.6901664734
1446577421.92	-0.108803421259	0.0857264921069	30.6901950836
1446577422.03	-0.108803421259	0.0857264921069	30.6902236938
1446577422.13	-0.108803421259	0.0857264921069	30.6902484894
1446577422.24	-0.10905982554	0.0853846147656	31.6824226379
1446577422.34	-0.10905982554	0.0853846147656	31.6824512482
1446577422.46	-0.10905982554	0.0853846147656	31.3975563049
1446577422.57	-0.10905982554	0.0853846147656	31.3975811005
1446577422.67	-0.10905982554	0.0853846147656	31.5216579437
1446577422.78	-0.10905982554	0.0853846147656	31.521686554
1446577422.89	-0.10905982554	0.0854700878263	31.1297664642
1446577423.0	-0.10897435993	0.0854700878263	31.3550662994
1446577423.1	-0.10897435993	0.0854700878263	30.7812309265
1446577423.2	-0.10905982554	0.0853846147656	31.182882309
1446577423.31	-0.10905982554	0.0853846147656	31.1829090118
1446577423.42	-0.10905982554	0.0853846147656	31.1829338074
1446577423.53	-0.108888886869	0.0855555534363	31.1829566956
1446577423.64	-0.108888886869	0.0855555534363	31.1829814911
1446577423.74	-0.108888886869	0.0855555534363	31.1829814911
1446577423.85	-0.108888886869	0.0855555534363	31.399471283
1446577423.96	-0.108803421259	0.0856410264969	31.3994960785
1446577424.07	-0.108803421259	0.0856410264969	30.7496738434
1446577424.18	-0.108803421259	0.0856410264969	30.7496986389
1446577424.29	-0.108888886869	0.0856410264969	32.5337715149
1446577424.39	-0.108888886869	0.0856410264969	32.5338172913
1446577424.51	-0.108888886869	0.0856410264969	32.5338439941
1446577424.61	-0.108803421259	0.0856410264969	32.7064971924
1446577424.72	-0.108803421259	0.0856410264969	32.6327934265
1446577424.82	-0.108803421259	0.0856410264969	32.6328125
1446577424.93	-0.10897435993	0.0856410264969	32.6550064087
1446577425.04	-0.10897435993	0.0856410264969	32.6550254822
1446577425.14	-0.10897435993	0.0856410264969	32.9920387268
1446577425.25	-0.10905982554	0.0856410264969	32.992061615
1446577425.36	-0.10905982554	0.0856410264969	32.9920845032
1446577425.47	-0.10905982554	0.0856410264969	32.9921035767
1446577425.58	-0.10897435993	0.0856410264969	32.9921264648
1446577425.68	-0.10897435993	0.0856410264969	32.992149353
1446577425.79	-0.10897435993	0.0856410264969	32.9921684265
1446577425.9	-0.10905982554	0.0856410264969	32.4903488159
1446577426.01	-0.10905982554	0.0856410264969	32.4903717041
1446577426.12	-0.10905982554	0.0856410264969	32.502155304
1446577426.23	-0.10905982554	0.0856410264969	32.9261169434
1446577426.34	-0.108632475138	0.0858974382281	33.6370010376
1446577426.45	-0.108632475138	0.0858974382281	33.6370201111
1446577426.56	-0.108632475138	0.0860683768988	33.6370429993
1446577426.67	-0.108632475138	0.0860683768988	33.6370582581
1446577426.77	-0.108632475138	0.0860683768988	33.0133895874
1446577426.88	-0.108632475138	0.0860683768988	33.3605957031
1446577427.0	-0.108632475138	0.0859829038382	33.3606300354
1446577427.11	-0.108632475138	0.0859829038382	33.3606491089
1446577427.22	-0.108717948198	0.0859829038382	33.3606491089
1446577427.33	-0.108717948198	0.0859829038382	33.818321228
1446577427.44	-0.108717948198	0.0859829038382	33.5025253296
1446577427.54	-0.108717948198	0.0858974382281	33.5025405884
1446577427.65	-0.108717948198	0.0858974382281	33.5025558472
1446577427.76	-0.108717948198	0.0858974382281	33.5025749207
1446577427.87	-0.108717948198	0.0858974382281	33.2614364624
1446577427.98	-0.108717948198	0.0858974382281	33.4695091248
1446577428.09	-0.108717948198	0.0858974382281	33.4695281982
1446577428.19	-0.108717948198	0.0858974382281	33.4695472717
1446577428.3	-0.108717948198	0.0858974382281	33.6637420654
1446577428.41	-0.108717948198	0.0858974382281	33.6637420654
1446577428.52	-0.108717948198	0.0858974382281	33.6759681702
1446577428.63	-0.108717948198	0.0858974382281	33.675983429
1446577428.74	-0.108717948198	0.0858974382281	33.675994873
1446577428.85	-0.108717948198	0.0858974382281	33.4874267578
1446577428.96	-0.108717948198	0.0858119651675	33.4874458313
1446577429.06	-0.108888886869	0.0858119651675	33.2597618103
1446577429.17	-0.108888886869	0.0858119651675	33.3159942627
1446577429.27	-0.108888886869	0.0858119651675	33.7964096069
1446577429.37	-0.108888886869	0.0858119651675	33.7964248657
1446577429.48	-0.108803421259	0.0858119651675	33.9673500061
1446577429.59	-0.108803421259	0.0858119651675	33.9673576355
1446577429.7	-0.108803421259	0.0858119651675	33.9550857544
1446577429.8	-0.108803421259	0.0858119651675	33.6952362061
1446577429.91	-0.108803421259	0.0858119651675	33.6952476501
1446577430.02	-0.108888886869	0.0858119651675	33.6952629089
1446577430.13	-0.108888886869	0.0858119651675	34.2061729431
1446577430.24	-0.108888886869	0.0857264921069	34.2061882019
1446577430.35	-0.108888886869	0.0857264921069	34.206199646
1446577430.47	-0.108888886869	0.0857264921069	34.0785560608
1446577430.58	-0.108888886869	0.0858119651675	34.3116188049
1446577430.69	-0.108888886869	0.0858119651675	34.311630249
1446577430.79	-0.108888886869	0.0858119651675	34.0165596008
1446577430.91	-0.108888886869	0.0858119651675	34.0165710449
1446577431.02	-0.108888886869	0.0858119651675	33.3634872437
1446577431.13	-0.108888886869	0.0858119651675	33.363494873
1446577431.23	-0.108888886869	0.0858119651675	33.5581665039
1446577431.34	-0.108888886869	0.0858119651675	33.5581741333
1446577431.45	-0.108803421259	0.0858974382281	33.5581855774
1446577431.55	-0.108803421259	0.0858974382281	33.5582008362
1446577431.67	-0.108803421259	0.0858974382281	33.5582122803
1446577431.78	-0.108803421259	0.0858974382281	34.5780105591
1446577431.89	-0.108888886869	0.0859829038382	34.5780258179
1446577432.0	-0.108888886869	0.0859829038382	33.7826805115
1446577432.11	-0.108888886869	0.0859829038382	33.7826919556
1446577432.22	-0.108888886869	0.0859829038382	34.0256958008
1446577432.33	-0.108888886869	0.0859829038382	34.0257072449
1446577432.44	-0.108803421259	0.0859829038382	35.1102790833
1446577432.55	-0.108803421259	0.0859829038382	34.3974990845
1446577432.65	-0.108803421259	0.0859829038382	34.3975105286
1446577432.76	-0.108803421259	0.0859829038382	35.0221710205
1446577432.87	-0.108888886869	0.0858119651675	34.4277534485
1446577432.98	-0.108888886869	0.0858119651675	34.1328468323
1446577433.09	-0.108888886869	0.0858119651675	34.1328582764
1446577433.19	-0.108803421259	0.0858119651675	34.7278671265
1446577433.3	-0.108803421259	0.0858119651675	34.671875
1446577433.41	-0.108803421259	0.0858119651675	34.6822891235
1446577433.51	-0.108888886869	0.0858119651675	34.6823043823
1446577433.63	-0.108888886869	0.0858119651675	34.6823120117
1446577433.74	-0.108888886869	0.0858119651675	34.6823234558
1446577433.84	-0.10897435993	0.0858119651675	34.1682281494
1446577433.95	-0.10897435993	0.0858119651675	33.7134666443
1446577434.06	-0.10897435993	0.0858119651675	34.4039039612
1446577434.17	-0.108888886869	0.0858119651675	34.2372207642
1446577434.27	-0.108888886869	0.0858119651675	34.2372283936
1446577434.38	-0.108888886869	0.0858119651675	34.2542877197
1446577434.49	-0.108803421259	0.0858974382281	34.2542991638
1446577434.6	-0.108803421259	0.0858974382281	34.2543144226
1446577434.71	-0.108803421259	0.0858974382281	34.9765052795
1446577434.82	-0.108803421259	0.0858974382281	33.8555793762
1446577434.93	-0.108888886869	0.0858974382281	34.8899002075
1446577435.04	-0.108888886869	0.0858974382281	34.8899116516
1446577435.14	-0.108888886869	0.0858974382281	34.3236541748
1446577435.25	-0.108888886869	0.0858974382281	34.3236618042
1446577435.36	-0.108888886869	0.0858974382281	34.3236618042
1446577435.47	-0.108803421259	0.0858119651675	34.3229904175
1446577435.58	-0.108803421259	0.0858119651675	34.3229942322
1446577435.69	-0.108803421259	0.0858119651675	34.3230056763
1446577435.79	-0.108803421259	0.0858119651675	34.323009491
1446577435.9	-0.108803421259	0.0858119651675	33.8643913269
1446577436.01	-0.108803421259	0.0858119651675	34.1511421204
1446577436.12	-0.108803421259	0.0858119651675	34.1511497498
1446577436.23	-0.108803421259	0.0858119651675	33.7406692505
1446577436.34	-0.108803421259	0.0858119651675	33.9962882996
1446577436.44	-0.108803421259	0.0858119651675	33.996295929
1446577436.55	-0.108803421259	0.0858119651675	33.9962997437
1446577436.66	-0.108803421259	0.0858119651675	33.996307373
1446577436.77	-0.108803421259	0.0858119651675	33.9963150024
1446577436.87	-0.108803421259	0.0858119651675	34.1506652832
1446577436.98	-0.10897435993	0.0857264921069	33.2741012573
1446577437.09	-0.10897435993	0.0857264921069	33.9526329041
1446577437.2	-0.108888886869	0.0857264921069	33.9526367188
1446577437.3	-0.108888886869	0.0857264921069	33.8959503174
1446577437.41	-0.108888886869	0.0857264921069	33.8959617615
1446577437.52	-0.108888886869	0.0857264921069	33.8959693909
1446577437.63	-0.108888886869	0.0857264921069	33.8959770203
1446577437.74	-0.108888886869	0.0857264921069	33.8959770203
1446577437.85	-0.108888886869	0.0857264921069	33.4971313477
1446577437.96	-0.10897435993	0.0857264921069	33.4971389771
1446577438.07	-0.10897435993	0.0857264921069	33.4971504211
1446577438.18	-0.108888886869	0.0858119651675	33.4971542358
1446577438.29	-0.108888886869	0.0858119651675	33.6732444763
1446577438.4	-0.108888886869	0.0858119651675	33.6732521057
1446577438.5	-0.108888886869	0.0858119651675	33.1321144104
1446577438.61	-0.108888886869	0.0858119651675	33.1321296692
1446577438.72	-0.108888886869	0.0858119651675	33.1321334839
1446577438.83	-0.108888886869	0.0858119651675	34.2636222839
1446577438.93	-0.108888886869	0.0858119651675	34.2636222839
1446577439.04	-0.108888886869	0.0858119651675	34.3941421509
1446577439.15	-0.108888886869	0.0858119651675	34.5658302307
1446577439.26	-0.108888886869	0.0858119651675	34.5658378601
1446577439.36	-0.108888886869	0.0858119651675	34.5658378601
1446577439.47	-0.108888886869	0.0857264921069	34.5658454895
1446577439.58	-0.108888886869	0.0857264921069	34.1834869385
1446577439.68	-0.108888886869	0.0857264921069	34.1834907532
1446577439.8	-0.108888886869	0.0857264921069	33.9534645081
1446577439.9	-0.108888886869	0.0858119651675	33.9534683228
1446577440.01	-0.108888886869	0.0858119651675	33.9534797668
1446577440.12	-0.108888886869	0.0858119651675	33.9890213013
1446577440.23	-0.108888886869	0.0858119651675	34.382938385
1446577440.34	-0.108888886869	0.0858119651675	34.3829498291
1446577440.45	-0.108888886869	0.0858119651675	34.3829536438
1446577440.56	-0.108888886869	0.0858119651675	34.3829574585
1446577440.67	-0.108888886869	0.0858119651675	34.3829612732
1446577440.77	-0.108888886869	0.0858119651675	34.3829689026
1446577440.88	-0.108888886869	0.0857264921069	34.8459663391
1446577440.99	-0.108888886869	0.0857264921069	34.5701637268
1446577441.1	-0.108888886869	0.0857264921069	34.3940429688
1446577441.2	-0.108888886869	0.0858119651675	34.8041801453
1446577441.31	-0.108888886869	0.0858119651675	36.0364379883
1446577441.42	-0.108888886869	0.0858119651675	36.0364456177
1446577441.53	-0.108888886869	0.0858119651675	36.0364456177
1446577441.64	-0.108888886869	0.0858119651675	36.0364532471
1446577441.75	-0.108888886869	0.0858119651675	34.9929428101
1446577441.86	-0.108888886869	0.0858119651675	34.7424507141
1446577441.97	-0.10897435993	0.0858119651675	34.5020179749
1446577442.08	-0.10897435993	0.0858119651675	34.5020179749
1446577442.19	-0.108888886869	0.0857264921069	34.5020294189
1446577442.3	-0.108888886869	0.0857264921069	34.7172660828
1446577442.41	-0.108888886869	0.0857264921069	34.7172737122
1446577442.52	-0.108888886869	0.0858119651675	34.6999931335
1446577442.63	-0.108888886869	0.0858119651675	34.6999969482
1446577442.74	-0.108888886869	0.0858119651675	35.309589386
1446577442.86	-0.108888886869	0.0858119651675	35.309589386
1446577442.96	-0.108888886869	0.0858119651675	35.309589386
1446577443.07	-0.108888886869	0.0858119651675	35.3095970154
1446577443.18	-0.108888886869	0.0858119651675	35.7879676819
1446577443.28	-0.108888886869	0.0858119651675	35.7879676819
1446577443.39	-0.108888886869	0.0858119651675	35.7879714966
1446577443.5	-0.108888886869	0.0857264921069	35.9927978516
1446577443.61	-0.108888886869	0.0857264921069	35.9928016663
1446577443.71	-0.108888886869	0.0857264921069	36.0107345581
1446577443.82	-0.108888886869	0.0857264921069	35.7608032227
1446577443.93	-0.108888886869	0.0858119651675	34.8900947571
1446577444.04	-0.108888886869	0.0858119651675	34.8900985718
1446577444.15	-0.108888886869	0.0858119651675	35.3327484131
1446577444.26	-0.108888886869	0.0858119651675	35.3327522278
1446577444.37	-0.108888886869	0.0858119651675	35.3327522278
1446577444.48	-0.108888886869	0.0858119651675	36.4784889221
1446577444.59	-0.108888886869	0.0858119651675	36.4784927368
1446577444.7	-0.108888886869	0.0858119651675	36.4784965515
1446577444.8	-0.108888886869	0.0858119651675	36.4785003662
1446577444.91	-0.108888886869	0.0858119651675	36.1107597351
1446577445.02	-0.108888886869	0.0858119651675	36.2560920715
1446577445.13	-0.108888886869	0.0858119651675	35.9976348877
1446577445.24	-0.108888886869	0.0858119651675	36.1828575134
1446577445.35	-0.108888886869	0.0858119651675	36.1828651428
1446577445.46	-0.108888886869	0.0858119651675	36.1828689575
1446577445.57	-0.108888886869	0.0858119651675	36.1828727722
1446577445.68	-0.108888886869	0.0858119651675	36.1828765869
1446577445.78	-0.108888886869	0.0858119651675	36.4426956177
1446577445.88	-0.108888886869	0.0858119651675	36.4427032471
1446577446.0	-0.10897435993	0.0858119651675	36.4427032471
1446577446.1	-0.10897435993	0.0858119651675	36.3981208801
1446577446.21	-0.108888886869	0.0857264921069	36.6411552429
1446577446.32	-0.108888886869	0.0857264921069	36.6411590576
1446577446.43	-0.108888886869	0.0857264921069	36.6411628723
1446577446.54	-0.108888886869	0.0858119651675	36.3885803223
1446577446.65	-0.108888886869	0.0858119651675	36.388584137
1446577446.76	-0.108888886869	0.0858119651675	36.3885879517
1446577446.87	-0.108888886869	0.0858119651675	36.3484420776
1446577446.98	-0.108888886869	0.0858119651675	36.1937789917
1446577447.09	-0.108888886869	0.0858119651675	36.1937789917
1446577447.2	-0.108888886869	0.0858119651675	36.1937789917
1446577447.31	-0.108888886869	0.0858119651675	36.5218734741
1446577447.41	-0.108888886869	0.0858119651675	36.5218772888
1446577447.52	-0.108888886869	0.0857264921069	36.5218811035
1446577447.63	-0.108888886869	0.0857264921069	36.5218849182
1446577447.73	-0.108888886869	0.0857264921069	35.8265762329
1446577447.84	-0.108888886869	0.0857264921069	36.8490409851
1446577447.95	-0.108888886869	0.0858119651675	36.8490486145
1446577448.06	-0.108888886869	0.0858119651675	37.0086708069
1446577448.17	-0.108888886869	0.0858119651675	37.1627311707
1446577448.27	-0.108888886869	0.0858119651675	37.1627388
1446577448.39	-0.108888886869	0.0858119651675	37.144241333
1446577448.49	-0.108888886869	0.0858119651675	37.144241333
1446577448.6	-0.10897435993	0.0858119651675	37.1442451477
1446577448.7	-0.10897435993	0.0858119651675	37.1442451477
1446577448.81	-0.10897435993	0.0858119651675	37.1442451477
1446577448.92	-0.108888886869	0.0857264921069	37.187046051
1446577449.03	-0.108888886869	0.0857264921069	37.187046051
1446577449.14	-0.108888886869	0.0857264921069	37.6008720398
1446577449.25	-0.108888886869	0.0858119651675	37.6008758545
1446577449.36	-0.108888886869	0.0858119651675	37.6008758545
1446577449.46	-0.108888886869	0.0858119651675	36.8644981384
1446577449.56	-0.108888886869	0.0858119651675	36.8644981384
1446577449.67	-0.108888886869	0.0858119651675	36.8645019531
1446577449.78	-0.108888886869	0.0858119651675	36.7063102722
1446577449.89	-0.108888886869	0.0858119651675	36.7886695862
1446577450.0	-0.10897435993	0.0858119651675	36.7886734009
1446577450.11	-0.10897435993	0.0858119651675	36.7886734009
1446577450.22	-0.10897435993	0.0857264921069	36.9553947449
1446577450.32	-0.108888886869	0.0857264921069	36.9553985596
1446577450.43	-0.108888886869	0.0857264921069	36.9553985596
1446577450.54	-0.108888886869	0.0858119651675	36.9554023743
1446577450.65	-0.108888886869	0.0858119651675	36.955406189
1446577450.76	-0.108888886869	0.0858119651675	36.955406189
1446577450.86	-0.108888886869	0.0858119651675	37.1728019714
1446577450.97	-0.108888886869	0.0858119651675	37.4298973083
1446577451.08	-0.108888886869	0.0858119651675	37.5698356628
1446577451.19	-0.108888886869	0.0858119651675	37.8523139954
1446577451.3	-0.108888886869	0.0858119651675	37.8523178101
1446577451.41	-0.108888886869	0.0858119651675	37.8523178101
1446577451.52	-0.108888886869	0.0857264921069	37.8523216248
1446577451.63	-0.108888886869	0.0857264921069	37.8523254395
1446577451.74	-0.108888886869	0.0857264921069	37.8523254395
1446577451.85	-0.108888886869	0.0857264921069	38.1150360107
1446577451.96	-0.108888886869	0.0858119651675	38.1150360107
1446577452.07	-0.108888886869	0.0858119651675	38.114490509
1446577452.17	-0.108888886869	0.0858119651675	38.114490509
1446577452.28	-0.108888886869	0.0858119651675	38.3501663208
1446577452.39	-0.108888886869	0.0858119651675	38.3501701355
1446577452.5	-0.108888886869	0.0858119651675	38.3501701355
1446577452.61	-0.108888886869	0.0858119651675	38.3501701355
1446577452.72	-0.108888886869	0.0858119651675	37.1394042969
1446577452.83	-0.108888886869	0.0858119651675	37.1394042969
1446577452.94	-0.108888886869	0.0857264921069	37.1394042969
1446577453.05	-0.108888886869	0.0857264921069	37.7023048401
1446577453.15	-0.108888886869	0.0858119651675	37.8461265564
1446577453.26	-0.108888886869	0.0858119651675	37.8461265564
1446577453.37	-0.108888886869	0.0858119651675	37.8461265564
1446577453.47	-0.108888886869	0.0858119651675	37.8461303711
1446577453.58	-0.108888886869	0.0858119651675	37.8461303711
1446577453.69	-0.108888886869	0.0858119651675	37.8461303711
1446577453.8	-0.108888886869	0.0858119651675	37.8461341858
1446577453.91	-0.10897435993	0.0858119651675	38.7826652527
1446577454.02	-0.10897435993	0.0858119651675	38.0827865601
1446577454.12	-0.108888886869	0.0857264921069	38.0827865601
1446577454.23	-0.108888886869	0.0857264921069	38.7849693298
1446577454.34	-0.108888886869	0.0857264921069	38.7849693298
1446577454.45	-0.108888886869	0.0857264921069	38.7849693298
1446577454.56	-0.108888886869	0.0858119651675	38.7849693298
1446577454.67	-0.108888886869	0.0858119651675	38.7849693298
1446577454.77	-0.108888886869	0.0858119651675	39.0056838989
1446577454.88	-0.108888886869	0.0858119651675	39.0056838989
1446577454.99	-0.108888886869	0.0858119651675	39.0056838989
1446577455.1	-0.108888886869	0.0858119651675	39.0056915283
1446577455.21	-0.108888886869	0.0858119651675	39.1448783875
1446577455.32	-0.108888886869	0.0858119651675	39.1448783875
1446577455.42	-0.108888886869	0.0857264921069	39.1253929138
1446577455.53	-0.108888886869	0.0857264921069	39.1253929138
1446577455.64	-0.108888886869	0.0857264921069	39.1253967285
1446577455.75	-0.108888886869	0.0857264921069	39.1253967285
1446577455.86	-0.108888886869	0.0858119651675	38.8493156433
1446577455.97	-0.108888886869	0.0858119651675	38.849319458
1446577456.08	-0.108888886869	0.0858119651675	38.849319458
1446577456.19	-0.108888886869	0.0858119651675	38.8574447632
1446577456.3	-0.108888886869	0.0858119651675	38.8574447632
1446577456.41	-0.108888886869	0.0858119651675	38.8574447632
1446577456.51	-0.108888886869	0.0858119651675	38.8768081665
1446577456.62	-0.108888886869	0.0858119651675	38.8768119812
1446577456.73	-0.108888886869	0.0858119651675	38.2310028076
1446577456.84	-0.108888886869	0.0858119651675	38.8345184326
1446577456.95	-0.108888886869	0.0858119651675	38.8345222473
1446577457.07	-0.108888886869	0.0858119651675	38.8345222473
1446577457.17	-0.108888886869	0.0858119651675	38.8345222473
1446577457.28	-0.108888886869	0.0858119651675	38.8588829041
1446577457.39	-0.108888886869	0.0858119651675	38.8588905334
1446577457.5	-0.108888886869	0.0858119651675	38.8588905334
1446577457.61	-0.108888886869	0.0858119651675	38.5611763
1446577457.72	-0.108888886869	0.0858119651675	38.5611763
1446577457.84	-0.108888886869	0.0858119651675	38.8215751648
1446577457.94	-0.10897435993	0.0858119651675	38.863368988
1446577458.05	-0.10897435993	0.0858119651675	39.1318473816
1446577458.16	-0.10897435993	0.0858119651675	39.2299880981
1446577458.27	-0.108888886869	0.0857264921069	39.2299880981
1446577458.38	-0.108888886869	0.0857264921069	39.2299880981
1446577458.48	-0.108888886869	0.0858119651675	39.2299880981
1446577458.59	-0.108888886869	0.0858119651675	39.2299880981
1446577458.7	-0.108888886869	0.0858119651675	39.2299880981
1446577458.81	-0.108888886869	0.0858119651675	38.5936546326
1446577458.92	-0.108888886869	0.0858119651675	38.5936546326
1446577459.02	-0.108888886869	0.0858119651675	38.5936584473
1446577459.12	-0.108888886869	0.0858119651675	39.0239372253
1446577459.23	-0.108888886869	0.0858119651675	39.09715271
1446577459.34	-0.108888886869	0.0858119651675	39.0971603394
1446577459.45	-0.108888886869	0.0858119651675	39.0971603394
1446577459.55	-0.108888886869	0.0857264921069	39.0971603394
1446577459.66	-0.108888886869	0.0857264921069	39.0971603394
1446577459.77	-0.108888886869	0.0857264921069	39.0971603394
1446577459.88	-0.108888886869	0.0858119651675	38.0116691589
1446577459.99	-0.108888886869	0.0858119651675	39.4152145386
1446577460.1	-0.108888886869	0.0858119651675	39.4152145386
1446577460.21	-0.108888886869	0.0858119651675	38.5322799683
1446577460.31	-0.108888886869	0.0858119651675	38.5322799683
1446577460.42	-0.108888886869	0.0858119651675	38.5322799683
1446577460.53	-0.108888886869	0.0858119651675	38.5322799683
1446577460.64	-0.108888886869	0.0858119651675	38.2140274048
1446577460.75	-0.108888886869	0.0858119651675	38.9742012024
1446577460.85	-0.108888886869	0.0858119651675	38.9742012024
1446577460.96	-0.10897435993	0.0858119651675	38.9742012024
1446577461.07	-0.10897435993	0.0858119651675	38.4095153809
1446577461.18	-0.108888886869	0.0858119651675	38.5045471191
1446577461.29	-0.108888886869	0.0858119651675	38.5524711609
1446577461.4	-0.108888886869	0.0858119651675	38.5524749756
1446577461.5	-0.108888886869	0.0858119651675	38.5524749756
1446577461.61	-0.10897435993	0.0858119651675	38.5524749756
1446577461.72	-0.10897435993	0.0858119651675	38.5524749756
1446577461.83	-0.10897435993	0.0858119651675	38.5524749756
1446577461.93	-0.108888886869	0.0858119651675	38.0508422852
1446577462.04	-0.108888886869	0.0858119651675	38.0508422852
1446577462.15	-0.108888886869	0.0858119651675	37.9877624512
1446577462.26	-0.108888886869	0.0857264921069	37.9877624512
1446577462.37	-0.108888886869	0.0857264921069	38.6971282959
1446577462.47	-0.108888886869	0.0858119651675	38.6971321106
1446577462.58	-0.108888886869	0.0858119651675	38.6971321106
1446577462.69	-0.108888886869	0.0858119651675	38.6971321106
1446577462.8	-0.108888886869	0.0858119651675	38.6971321106
1446577462.91	-0.108888886869	0.0858119651675	37.5827293396
1446577463.01	-0.108888886869	0.0858119651675	38.4542541504
1446577463.12	-0.108888886869	0.0858119651675	38.4542541504
1446577463.23	-0.108888886869	0.0858119651675	38.1778450012
1446577463.34	-0.108888886869	0.0858119651675	38.1582069397
1446577463.46	-0.108888886869	0.0857264921069	38.1582069397
1446577463.57	-0.108888886869	0.0857264921069	38.1772117615
1446577463.67	-0.108888886869	0.0857264921069	38.1772117615
1446577463.78	-0.108888886869	0.0857264921069	38.3706283569
1446577463.89	-0.108888886869	0.0857264921069	38.6142654419
1446577464.0	-0.108888886869	0.0858119651675	38.6142654419
1446577464.11	-0.108888886869	0.0858119651675	38.6142654419
1446577464.22	-0.108888886869	0.0858119651675	38.4772186279
1446577464.33	-0.108888886869	0.0858119651675	38.4772186279
1446577464.44	-0.108888886869	0.0858119651675	38.4772186279
1446577464.54	-0.108888886869	0.0858119651675	38.4772186279
1446577464.65	-0.108888886869	0.0858119651675	38.4772186279
1446577464.76	-0.108888886869	0.0858119651675	38.4772186279
1446577464.87	-0.108888886869	0.0858119651675	37.5932998657
1446577464.98	-0.108888886869	0.0858119651675	37.5932998657
1446577465.09	-0.108888886869	0.0858119651675	38.2838439941
1446577465.2	-0.108888886869	0.0858119651675	38.1635322571
1446577465.31	-0.108888886869	0.0858119651675	38.1635360718
1446577465.41	-0.108888886869	0.0858119651675	38.1635360718
1446577465.52	-0.108888886869	0.0858119651675	38.1635360718
1446577465.63	-0.108888886869	0.0858119651675	37.9965782166
1446577465.73	-0.108888886869	0.0858119651675	37.9965782166
1446577465.84	-0.108888886869	0.0858119651675	38.4474372864
1446577465.94	-0.10897435993	0.0858119651675	38.4474372864
1446577466.05	-0.10897435993	0.0858119651675	38.0427284241
1446577466.16	-0.10897435993	0.0858119651675	38.0507240295
1446577466.26	-0.108888886869	0.0857264921069	38.0507240295
1446577466.37	-0.108888886869	0.0857264921069	38.0507240295
1446577466.48	-0.108888886869	0.0858119651675	38.0507240295
1446577466.59	-0.108888886869	0.0858119651675	38.0507240295
1446577466.7	-0.108888886869	0.0858119651675	38.0507240295
1446577466.81	-0.108888886869	0.0858119651675	38.0507240295
1446577466.92	-0.108888886869	0.0858119651675	38.5206794739
1446577467.03	-0.108888886869	0.0858119651675	38.5206794739
1446577467.13	-0.108888886869	0.0858119651675	38.5206832886
1446577467.24	-0.108888886869	0.0858119651675	38.4799995422
1446577467.35	-0.108888886869	0.0858119651675	38.4799995422
1446577467.46	-0.108888886869	0.0858119651675	38.4799995422
1446577467.57	-0.108888886869	0.0857264921069	38.4799995422
1446577467.68	-0.108888886869	0.0857264921069	38.4799995422
1446577467.78	-0.108888886869	0.0857264921069	38.4799995422
1446577467.89	-0.108888886869	0.0857264921069	38.2460784912
1446577468.0	-0.10897435993	0.0858119651675	38.2460784912
1446577468.1	-0.10897435993	0.0858119651675	38.7756690979
1446577468.22	-0.108888886869	0.0858119651675	38.7493400574
1446577468.33	-0.108888886869	0.0858119651675	38.6353492737
1446577468.44	-0.108888886869	0.0858119651675	38.6353492737
1446577468.55	-0.108888886869	0.0858119651675	38.6353492737
1446577468.66	-0.108888886869	0.0858119651675	38.0992240906
1446577468.76	-0.108888886869	0.0858119651675	38.0992240906
1446577468.87	-0.108888886869	0.0858119651675	38.2705039978
1446577468.99	-0.108888886869	0.0857264921069	38.2705039978
1446577469.09	-0.108888886869	0.0857264921069	38.2627601624
1446577469.2	-0.108888886869	0.0858119651675	38.1693382263
1446577469.31	-0.108888886869	0.0858119651675	38.1693382263
1446577469.42	-0.108888886869	0.0858119651675	38.1693382263
1446577469.52	-0.108888886869	0.0858119651675	38.195274353
1446577469.63	-0.108888886869	0.0858119651675	38.195274353
1446577469.73	-0.108888886869	0.0858119651675	38.195274353
1446577469.84	-0.108888886869	0.0858119651675	37.7674636841
1446577469.95	-0.108888886869	0.0858119651675	37.7674636841
1446577470.06	-0.108888886869	0.0858119651675	37.7674636841
1446577470.17	-0.108888886869	0.0858119651675	38.0206565857
1446577470.28	-0.108888886869	0.0857264921069	38.0206565857
1446577470.39	-0.108888886869	0.0857264921069	38.0206565857
1446577470.5	-0.108888886869	0.0858119651675	38.0206565857
1446577470.61	-0.108888886869	0.0858119651675	38.0206565857
1446577470.72	-0.108888886869	0.0858119651675	38.0206565857
1446577470.83	-0.108888886869	0.0858119651675	38.5113182068
1446577470.94	-0.108888886869	0.0858119651675	37.7536621094
1446577471.05	-0.108888886869	0.0858119651675	37.9708709717
1446577471.16	-0.108888886869	0.0858119651675	38.059009552
1446577471.27	-0.10897435993	0.0858119651675	37.9278526306
1446577471.37	-0.10897435993	0.0858119651675	37.9278526306
1446577471.48	-0.10897435993	0.0858119651675	37.9278526306
1446577471.59	-0.108888886869	0.0857264921069	37.9278526306
1446577471.69	-0.108888886869	0.0857264921069	38.0940246582
1446577471.8	-0.108888886869	0.0857264921069	38.0940246582
1446577471.91	-0.108888886869	0.0857264921069	37.71484375
1446577472.02	-0.108888886869	0.0858119651675	37.71484375
1446577472.12	-0.108888886869	0.0858119651675	38.3600730896
1446577472.23	-0.108888886869	0.0858119651675	38.3291397095
1446577472.34	-0.108888886869	0.0858119651675	38.3291397095
1446577472.45	-0.108888886869	0.0858119651675	38.3291397095
1446577472.56	-0.108888886869	0.0858119651675	38.3291397095
1446577472.66	-0.108888886869	0.0858119651675	38.3291397095
1446577472.77	-0.108888886869	0.0858119651675	38.3291397095
1446577472.88	-0.108888886869	0.0858119651675	38.8651771545
1446577472.99	-0.108888886869	0.0858119651675	38.8651771545
1446577473.1	-0.108888886869	0.0858119651675	38.8651771545
1446577473.21	-0.108888886869	0.0858119651675	39.0122375488
1446577473.32	-0.108888886869	0.0858119651675	37.7801780701
1446577473.43	-0.108888886869	0.0858119651675	37.7801780701
1446577473.53	-0.108888886869	0.0858119651675	37.7801780701
1446577473.64	-0.108888886869	0.0858119651675	37.7801780701
1446577473.75	-0.108888886869	0.0858119651675	38.1364402771
1446577473.86	-0.108888886869	0.0858119651675	38.1364402771
1446577473.97	-0.108888886869	0.0858119651675	38.1364402771
1446577474.08	-0.108888886869	0.0858119651675	38.1174545288
1446577474.18	-0.108888886869	0.0857264921069	38.2371940613
1446577474.28	-0.108888886869	0.0857264921069	38.2371940613
1446577474.39	-0.108888886869	0.0857264921069	38.2371940613
1446577474.49	-0.108888886869	0.0858119651675	38.2371940613
1446577474.6	-0.108888886869	0.0858119651675	38.2371940613
1446577474.72	-0.108888886869	0.0858119651675	38.2371940613
1446577474.83	-0.108888886869	0.0858119651675	38.2371940613
1446577474.93	-0.108888886869	0.0858119651675	38.7506141663
1446577475.05	-0.108888886869	0.0858119651675	38.7506141663
1446577475.15	-0.108888886869	0.0858119651675	38.7506141663
1446577475.26	-0.108888886869	0.0858119651675	38.8082389832
1446577475.37	-0.108888886869	0.0858119651675	38.8082389832
1446577475.47	-0.108888886869	0.0857264921069	38.8082389832
1446577475.58	-0.108888886869	0.0857264921069	38.8082389832
1446577475.69	-0.108888886869	0.0857264921069	38.8082427979
1446577475.79	-0.108888886869	0.0857264921069	40.2020683289
1446577475.9	-0.108888886869	0.0858119651675	39.1434211731
1446577476.01	-0.108888886869	0.0858119651675	39.1434211731
1446577476.12	-0.108888886869	0.0858119651675	39.6274871826
1446577476.22	-0.108888886869	0.0858119651675	39.6522903442
1446577476.33	-0.108888886869	0.0858119651675	39.6522903442
1446577476.44	-0.108888886869	0.0858119651675	39.6379432678
1446577476.55	-0.108888886869	0.0858119651675	39.104095459
1446577476.65	-0.108888886869	0.0858119651675	39.104095459
1446577476.76	-0.108888886869	0.0858119651675	39.104095459
1446577476.86	-0.108888886869	0.0858119651675	38.9902839661
1446577476.97	-0.108888886869	0.0858119651675	39.1156425476
1446577477.08	-0.108888886869	0.0858119651675	39.1156425476
1446577477.19	-0.108888886869	0.0858119651675	39.2298316956
1446577477.3	-0.108888886869	0.0858119651675	39.2298316956
1446577477.41	-0.108888886869	0.0858119651675	39.2298316956
1446577477.52	-0.108888886869	0.0858119651675	39.2298316956
1446577477.63	-0.108888886869	0.0858119651675	39.2298316956
1446577477.73	-0.108888886869	0.0858119651675	39.2298316956
1446577477.84	-0.108888886869	0.0858119651675	39.038444519
1446577477.95	-0.108888886869	0.0858119651675	40.1673545837
1446577478.07	-0.108888886869	0.0858119651675	38.8165359497
1446577478.17	-0.108888886869	0.0857264921069	39.8012008667
1446577478.28	-0.108888886869	0.0857264921069	39.9005012512
1446577478.39	-0.108888886869	0.0857264921069	39.9005012512
1446577478.5	-0.108888886869	0.0858119651675	39.9005012512
1446577478.61	-0.108888886869	0.0858119651675	39.9005012512
1446577478.72	-0.108888886869	0.0858119651675	39.9005012512
1446577478.82	-0.108888886869	0.0858119651675	39.9005012512
1446577478.93	-0.108888886869	0.0858119651675	39.5438766479
1446577479.04	-0.108888886869	0.0858119651675	39.4220085144
1446577479.14	-0.108888886869	0.0858119651675	39.4220085144
1446577479.25	-0.108888886869	0.0858119651675	39.2978591919
1446577479.36	-0.108888886869	0.0858119651675	39.2978591919
1446577479.47	-0.108888886869	0.0857264921069	39.7931213379
1446577479.58	-0.108888886869	0.0857264921069	39.2732315063
1446577479.69	-0.108888886869	0.0857264921069	39.2732315063
1446577479.8	-0.108888886869	0.0857264921069	39.2732315063
1446577479.91	-0.108888886869	0.0858119651675	39.5155181885
1446577480.02	-0.108888886869	0.0858119651675	39.8972511292
1446577480.13	-0.108888886869	0.0858119651675	39.8972511292
1446577480.24	-0.108888886869	0.0858119651675	40.0290107727
1446577480.35	-0.108888886869	0.0858119651675	40.0290107727
1446577480.46	-0.108888886869	0.0858119651675	40.0290107727
1446577480.56	-0.108888886869	0.0858119651675	40.0290107727
1446577480.67	-0.108888886869	0.0858119651675	40.0290107727
1446577480.78	-0.108888886869	0.0858119651675	40.0290107727
1446577480.89	-0.108888886869	0.0858119651675	39.8008346558
1446577481.0	-0.108888886869	0.0857264921069	38.6276702881
1446577481.11	-0.108888886869	0.0857264921069	38.6276702881
1446577481.22	-0.108888886869	0.0858119651675	38.691242218
1446577481.33	-0.108888886869	0.0858119651675	38.691242218
1446577481.43	-0.108888886869	0.0858119651675	38.691242218
1446577481.54	-0.108888886869	0.0858119651675	38.691242218
1446577481.65	-0.108888886869	0.0858119651675	38.691242218
1446577481.76	-0.108888886869	0.0858119651675	38.691242218
1446577481.87	-0.108888886869	0.0858119651675	40.0021972656
1446577481.97	-0.108888886869	0.0858119651675	40.0021972656
1446577482.08	-0.108888886869	0.0858119651675	39.4370193481
1446577482.19	-0.108888886869	0.0857264921069	39.4370193481
1446577482.3	-0.108888886869	0.0857264921069	39.5342102051
1446577482.41	-0.108888886869	0.0857264921069	39.5342102051
1446577482.52	-0.108888886869	0.0858119651675	39.9159889221
1446577482.63	-0.108888886869	0.0858119651675	39.9159889221
1446577482.74	-0.108888886869	0.0858119651675	39.9159889221
1446577482.85	-0.108888886869	0.0858119651675	39.3167037964
1446577482.95	-0.108888886869	0.0858119651675	39.3167037964
1446577483.06	-0.108888886869	0.0858119651675	39.5037269592
1446577483.17	-0.108888886869	0.0858119651675	39.5522842407
1446577483.27	-0.108888886869	0.0858119651675	39.5522842407
1446577483.39	-0.108888886869	0.0858119651675	39.5522842407
1446577483.49	-0.108888886869	0.0857264921069	39.5522842407
1446577483.6	-0.108888886869	0.0857264921069	39.5522842407
1446577483.71	-0.108888886869	0.0857264921069	39.5522842407
1446577483.82	-0.108888886869	0.0857264921069	39.5522842407
1446577483.93	-0.108888886869	0.0858119651675	39.5036125183
1446577484.03	-0.108888886869	0.0858119651675	39.8235549927
1446577484.15	-0.108888886869	0.0858119651675	39.1919670105
1446577484.25	-0.108888886869	0.0858119651675	39.1919670105
1446577484.36	-0.108888886869	0.0858119651675	39.1919670105
1446577484.47	-0.108888886869	0.0858119651675	39.1919670105
1446577484.57	-0.108888886869	0.0858119651675	39.1919670105
1446577484.68	-0.108888886869	0.0858119651675	39.1919670105
1446577484.78	-0.108888886869	0.0858119651675	39.7945785522
1446577484.89	-0.108888886869	0.0858119651675	39.7945785522
1446577485.0	-0.108888886869	0.0857264921069	39.791721344
1446577485.11	-0.108888886869	0.0857264921069	39.791721344
1446577485.22	-0.108888886869	0.0858119651675	40.0474700928
1446577485.33	-0.108888886869	0.0858119651675	40.0474700928
1446577485.44	-0.108888886869	0.0858119651675	40.0474700928
1446577485.54	-0.108888886869	0.0858119651675	40.0474700928
1446577485.65	-0.108888886869	0.0858119651675	40.1454467773
1446577485.76	-0.108888886869	0.0858119651675	40.1245574951
1446577485.86	-0.108888886869	0.0858119651675	39.7506980896
1446577485.97	-0.108888886869	0.0858119651675	39.7506980896
1446577486.08	-0.108888886869	0.0858119651675	40.0590286255
1446577486.19	-0.108888886869	0.0858119651675	40.1079101562
1446577486.29	-0.108888886869	0.0857264921069	39.0911483765
1446577486.4	-0.108888886869	0.0857264921069	39.0911483765
1446577486.5	-0.108888886869	0.0858119651675	39.0911483765
1446577486.61	-0.108888886869	0.0858119651675	39.0911483765
1446577486.71	-0.108888886869	0.0858119651675	39.0911483765
1446577486.82	-0.108888886869	0.0858119651675	39.0911483765
1446577486.92	-0.108888886869	0.0858119651675	39.9569244385
1446577487.03	-0.108888886869	0.0858119651675	39.9569244385
1446577487.14	-0.108888886869	0.0858119651675	39.9569244385
1446577487.25	-0.108888886869	0.0858119651675	40.0299758911
1446577487.36	-0.108888886869	0.0858119651675	40.0160484314
1446577487.47	-0.108888886869	0.0858119651675	40.0160522461
1446577487.58	-0.108888886869	0.0857264921069	40.0160522461
1446577487.69	-0.108888886869	0.0857264921069	40.0160522461
1446577487.79	-0.108888886869	0.0857264921069	40.0160522461
1446577487.9	-0.108888886869	0.0857264921069	39.8552513123
1446577488.01	-0.108888886869	0.0858119651675	39.8823318481
1446577488.13	-0.108888886869	0.0858119651675	39.8823318481
1446577488.24	-0.108888886869	0.0858119651675	39.9551086426
1446577488.34	-0.108888886869	0.0858119651675	39.9551086426
1446577488.45	-0.108888886869	0.0858119651675	39.9551086426
1446577488.56	-0.108888886869	0.0858119651675	39.9551086426
1446577488.66	-0.108888886869	0.0858119651675	39.9551086426
1446577488.77	-0.108888886869	0.0858119651675	39.6404304504
1446577488.88	-0.108888886869	0.0858119651675	39.776638031
1446577488.99	-0.108888886869	0.0857264921069	39.776638031
1446577489.1	-0.108888886869	0.0857264921069	39.776638031
1446577489.21	-0.108888886869	0.0857264921069	39.7568359375
1446577489.32	-0.108888886869	0.0858119651675	39.7809715271
1446577489.42	-0.108888886869	0.0858119651675	39.7809715271
1446577489.54	-0.10897435993	0.0858119651675	39.7809715271
1446577489.64	-0.10897435993	0.0858119651675	39.7809715271
1446577489.75	-0.10897435993	0.0858119651675	39.7809715271
1446577489.86	-0.10897435993	0.0858119651675	38.8654975891
1446577489.97	-0.108888886869	0.0858119651675	39.2789497375
1446577490.08	-0.108888886869	0.0858119651675	39.2789497375
1446577490.19	-0.108888886869	0.0858119651675	39.2392272949
1446577490.3	-0.108888886869	0.0857264921069	39.2392272949
1446577490.41	-0.108888886869	0.0857264921069	40.7515487671
1446577490.51	-0.108888886869	0.0858119651675	40.7515487671
1446577490.61	-0.108888886869	0.0858119651675	40.7515487671
1446577490.72	-0.108888886869	0.0858119651675	40.7515487671
1446577490.83	-0.108888886869	0.0858119651675	40.7515487671
1446577490.94	-0.108888886869	0.0858119651675	38.9212150574
1446577491.04	-0.108888886869	0.0858119651675	39.5599594116
1446577491.15	-0.108888886869	0.0858119651675	39.5599594116
1446577491.26	-0.108888886869	0.0858119651675	39.4798622131
1446577491.37	-0.108888886869	0.0858119651675	39.4798622131
1446577491.48	-0.108888886869	0.0858119651675	39.4798622131
1446577491.58	-0.108888886869	0.0858119651675	39.4798622131
1446577491.69	-0.108888886869	0.0858119651675	39.1810531616
1446577491.8	-0.108888886869	0.0858119651675	38.7567138672
1446577491.91	-0.108888886869	0.0858119651675	38.8048477173
1446577492.02	-0.108888886869	0.0858119651675	38.8048477173
1446577492.13	-0.108888886869	0.0858119651675	38.7812271118
1446577492.24	-0.108888886869	0.0858119651675	38.7812271118
1446577492.35	-0.108888886869	0.0858119651675	38.7812271118
1446577492.45	-0.108888886869	0.0858119651675	38.7812271118
1446577492.56	-0.108888886869	0.0858119651675	38.7812271118
1446577492.67	-0.108888886869	0.0858119651675	38.7812271118
1446577492.77	-0.108888886869	0.0858119651675	38.7812271118
1446577492.88	-0.108888886869	0.0857264921069	39.6458129883
1446577493.0	-0.108888886869	0.0857264921069	39.1838111877
1446577493.1	-0.108888886869	0.0857264921069	39.1838111877
1446577493.21	-0.108888886869	0.0857264921069	39.1042671204
1446577493.32	-0.108888886869	0.0858119651675	39.1042671204
1446577493.43	-0.108888886869	0.0858119651675	39.1042671204
1446577493.54	-0.108888886869	0.0858119651675	38.9318809509
1446577493.64	-0.10897435993	0.0858119651675	38.9318809509
1446577493.75	-0.10897435993	0.0858119651675	38.9318809509
1446577493.86	-0.10897435993	0.0858119651675	39.3187904358
1446577493.97	-0.10897435993	0.0858119651675	39.3187904358
1446577494.08	-0.10897435993	0.0858119651675	39.3187904358
1446577494.19	-0.10897435993	0.0858119651675	39.226108551
1446577494.3	-0.108888886869	0.0857264921069	39.226108551
1446577494.41	-0.108888886869	0.0857264921069	39.226108551
1446577494.52	-0.108888886869	0.0858119651675	39.226108551
1446577494.63	-0.108888886869	0.0858119651675	39.226108551
1446577494.74	-0.108888886869	0.0858119651675	39.226108551
